0.22249103061742384
0.37697805412663943
0.5361975466142092
0.6959151941223192
0.8587749464508526
1.0119716903564364
1.1691791708939199
1.3270562754414879
1.4863406102351475
1.644056203647198
1.799158226674684
1.956965228922087
2.1175997364586348
2.2742136551318426
2.430197444207553
2.586907597398416
2.743941110636398
2.901357711950233
3.059174166343713
3.2170431577257346
3.3737520041602016
3.529873897105369
3.6878339393686708
3.844662685630671
4.001643860127776
4.159977921717701
4.317989114441106
4.474413033442711
4.63088422661963
4.787016968352893
4.944724671628839
5.102344338619311
5.259848256524615
5.417274274555754
5.57425070304038
5.731550067715855
5.88785377091703
6.044776459544647
6.202141348599048
6.358730642182386
6.515835629712012
6.673143427242401
6.831058357852889
6.98882420021104
7.145915730786233
7.302190678485778
7.458624611099556
7.615956598517993
7.7731978175079925
7.930420429045995
8.087968919861057
8.245420543875989
8.402941073642891
8.559250939273184
8.716195481665673
8.873529036028295
9.0297923385526
9.18691772390893
9.344119488193977
9.50163507868783
9.658849653149558
9.815350453411124
9.973161250804836
10.13018311144207
10.287291193926192
10.444535680291228
10.601001621812827
10.75856422567548
10.915896400639063
11.072490458051908
11.229086046324648
11.38603536563683
11.544086175752645
11.701610605059276
11.858713106910914
12.0158903420385
12.172548145971742
12.32924274899989
12.486266867861339
12.642897628338552
12.799809990670237
12.957815244421015
13.11522409507275
13.271893271208342
13.428933819866815
13.58644890945948
13.743576630980543
13.899843568754445
14.057136691524143
14.215028843068165
14.372011473555197
14.528875525851399
14.68598624165242
14.842940550742249
14.999929886984205
15.156697787810693
15.313673941111336
15.471194332603787
15.628276418594748
15.785068625958026
15.942508906830138
16.09964445828639
16.25671354291528
16.413965294247596
16.570923205898133
16.727963612405485
16.885175496439015
17.04208878648301
17.198981334654246
17.35586079259883
17.512938506086844
17.670312391521794
17.827547524187302
17.984795627928566
18.142084518995283
18.299131706773373
18.456269976212308
18.613164605289843
18.76967775485678
18.926896163290113
19.084103084002393
19.241157399655666
19.398487162938533
19.555822854973965
19.7132873413006
19.869741417448804
20.026227741480884
20.183410154318402
20.340573720934664
20.49788249740259
20.654881590981972
20.812242675201013
20.969898273026946
21.12658659925761
21.283207168906618
21.440495659755022
21.597646192656036
21.754596863718994
21.91160274018817
22.068759683499337
22.22583192098467
22.382710617782816
22.53989130416774
22.69708332023707
22.85436026579966
23.011577044294036
23.168586038161777
23.32581049338732
23.483164463934695
23.63993702599549
23.796650046362927
23.953533138829595
24.110877362772765
24.26838908392062
24.425201921125073
24.582058313408535
24.738924229916684
24.89614075480277
25.05340526859593
25.210120633378384
25.367353745906087
25.52481388593243
25.68184951093486
25.83897954740043
25.996188934814874
26.153174373582626
26.310085920275714
26.467017616290217
26.62410832664473
26.781419436020887
26.93860122002695
27.09562050470109
27.252700598570417
27.40974164891608
27.567028301471037
27.724076189871997
27.880635711593982
28.037553190369195
28.1948143456198
28.352238816709573
28.509101241260147
28.66597950802449
28.82356032479125
28.980722668776966
29.1377180471817
29.294826906405255
29.45218590924147
29.60919135628817
29.765866057481666
29.92280522086002
30.080039433853653
30.237171111042645
30.39409755187025
30.551243879278665
30.708515415537175
30.86582466442332
31.02255617942141
31.179370978617186
31.336636498336055
31.49374879730446
31.650803578181346
31.80790721180016
31.965103876465534
32.12216472333984
32.27938550166458
32.43664315934431
32.59354567529861
32.75043307306904
32.90753619157217
33.06466900908258
33.221637311321864
33.37862012386389
33.536012906806874
33.69327171042736
33.85003974987194
34.00706523244446
34.16414216143994
34.321287462060816
34.47838432323504
34.63523917872643
34.79246603048248
34.94961128598677
35.10669708522955
35.26386948712173
35.420945838686634
35.57795442967843
35.734945029106
35.89217304556968
36.049428044232485
36.20634169633331
36.36330872430432
36.520482978797
36.67775911005066
36.83482272372405
36.991749131089975
37.148903615071085
37.305840269077876
37.4625617594995
37.619643801279565
37.7768997973644
37.934040874629055
38.091214274228264
38.2484508928973
38.4057544228473
38.5627679694847
38.719599077074506
38.87682674449128
39.033933123180844
39.19072802632852
39.34784243510956
39.50508863077185
39.66213483586345
39.81900035657514
39.97616090986677
40.13355341593697
40.29049420908874
40.447429208809695
40.604567713501176
40.76160199864907
40.91870617079209
41.075753456711574
41.232702015830725
41.38980621586031
41.546956899579264
41.704205998381944
41.86123902761132
42.018034640776776
42.175303855970306
42.33268701997335
42.48951607587163
42.64654483609961
42.80379310469831
42.960884654254265
43.11796117340112
43.274872960901206
43.43215900797665
43.5891575643865
43.74590019442507
43.9030819672849
44.06026540140642
44.217339473976274
44.374418709677634
44.53159054016027
44.688643690145
44.845682307468564
45.002693043541335
45.15977284766968
45.31686285685834
45.47384088087639
45.63096257271651
45.78809215502025
45.94526022451645
46.102410653026965
46.25942303757445
46.416518648465704
46.57358995219062
46.7305512293491
46.88769533932449
47.04487487664588
47.20194532843749
47.35881112539362
47.51594922127567
47.67320843071468
47.83005539646319
47.9870558613524
48.14425264367952
48.301622758796576
48.45851778780103
48.615207153148376
48.77242153506116
48.929702993307075
49.086877301845426
49.24388320254833
49.401034437413635
49.55831508412312
49.71529298264005
49.87219821721061
50.029326033611675
50.18631556218896
50.3431804655016
50.50027700963133
50.657601320770176
50.814683956931724
50.971525094225356
51.12862248776254
51.285920906541804
51.443095550858565
51.600111585101224
51.75731960526265
51.91461796314855
52.071356076695395
52.22806478446843
52.38543254445986
52.542576115956
52.699318334150114
52.856394918923904
53.01344724624243
53.17051876980444
53.32766755103651
53.48500298077736
53.642234964649326
53.79894742060574
53.956008336733795
54.11326202300977
54.270429207190816
54.427478248262325
54.584418506665656
54.741363161515075
54.89845354594736
55.05543071674868
55.21246252122121
55.36984311615619
55.526895458595135
55.68345304981697
55.84069806587592
55.99821974258232
56.15502105568013
56.31202680508972
56.468998325258305
56.62594416693223
56.78259778611095
56.939743205500655
57.09745763556057
57.254250306296974
57.411339350453574
57.568843213019164
57.72583149644107
57.88266851229413
58.03962257639497
58.19689621995857
58.353885949861436
58.51048421778041
58.667677517074345
58.825082289980365
58.98224736123372
59.13884692477889
59.295644642832706
59.45352258001085
59.61070231467085
59.767314560832524
59.92470345964101
60.082588710686736
60.239326841352174
60.3957700346245
60.55359641907271
60.71075143884251
60.86694421945293
61.024255314443025
61.182474531711826
61.339227961398954
61.495000953609186
61.65273087261875
61.810357682240735
61.96658879224211
62.123357906981504
62.281070777834465
62.43888440645921
62.595094755191774
62.75126133402213
62.90970383392786
63.067423732234026
63.22280294943618
63.37987377443261
63.53882537730356
63.69583997100189
63.85069315579813
64.00839299893164
64.16809543670144
64.32368783513421
64.47781313266034
64.63688740304701
64.79625487617632
64.95148303704421
65.1074289973222
65.26686243779083
65.42332085458025
65.57521362548898
65.73493827371439
65.89776439269822
66.05074465606994
66.20098780477589
66.36352405735767
66.52950706440147
66.67987868647104
66.82727252513148
66.99329411113722
67.16167327558071
67.30495891174597
67.44911693033652
67.62229848423206
67.7955065787242
67.92744758467283
68.06966116498494
68.24869617173445
68.42663219513712
68.56220509771768
68.69683295929899
68.87607845862256
69.0549836092854
69.19731970468526
69.32079956170675
69.49139529302948
69.64989558659396
