2.224910306174238406e-01 1.761887967696511623e+02 1.487115347288640477e+00
3.769780541266394280e-01 6.441549583411830326e+01 1.982349528442455489e+00
5.361975466142091529e-01 3.305808573389503380e+01 1.026804736587269673e+00
6.959151941223191695e-01 2.078064822453092830e+01 8.422523462538742400e-01
8.587749464508526165e-01 1.406968643283147458e+01 6.794436930053662227e-01
1.011971690356436415e+00 1.059950894807054489e+01 4.677734315852175584e-01
1.169179170893919872e+00 8.390202630019844676e+00 4.453173278266052137e-01
1.327056275441487854e+00 6.742921540795707713e+00 4.236857191984561011e-01
1.486340610235147519e+00 5.612278125599503120e+00 2.744794310699547601e-01
1.644056203647197956e+00 4.804718845339862376e+00 2.647562449572847254e-01
1.799158226674683947e+00 4.201311369160938725e+00 2.323998217520024667e-01
1.956965228922086908e+00 3.707280901977032528e+00 2.242597296463359757e-01
2.117599736458634752e+00 3.296428170193566931e+00 1.773516624504857808e-01
2.274213655131842593e+00 2.967900898372727525e+00 1.584983831999914328e-01
2.430197444207553126e+00 2.696336083158024977e+00 1.590083332099735125e-01
2.586907597398416137e+00 2.483218882839032915e+00 1.523839025319683738e-01
2.743941110636397784e+00 2.287023400135431483e+00 1.426605471923318158e-01
2.901357711950232954e+00 2.118063206073546478e+00 1.310664075053837030e-01
3.059174166343713086e+00 1.983598309967792295e+00 1.182588418357510551e-01
3.217043157725734570e+00 1.848446249364683158e+00 1.091226047411372607e-01
3.373752004160201601e+00 1.738365821351903762e+00 1.091150820202698157e-01
3.529873897105368918e+00 1.639131926911548298e+00 1.092369184374843150e-01
3.687833939368670766e+00 1.548442204644719267e+00 9.559262145363130181e-02
3.844662685630670929e+00 1.468952578717183099e+00 8.875272366191645779e-02
4.001643860127775731e+00 1.393561539973457775e+00 8.567971482321054544e-02
4.159977921717700866e+00 1.330443182499070565e+00 8.680455124403961553e-02
4.317989114441106224e+00 1.269114079516041826e+00 7.949903575106787024e-02
4.474413033442711018e+00 1.214107246140014196e+00 7.209959267699657393e-02
4.630884226619629729e+00 1.161247504281171627e+00 7.057576751056472697e-02
4.787016968352893365e+00 1.113058586101501213e+00 6.516780800502611215e-02
4.944724671628838664e+00 1.071080300773827432e+00 6.158089038763427114e-02
5.102344338619310804e+00 1.030084764331055336e+00 6.151250042902242643e-02
5.259848256524614740e+00 9.890735946823104863e-01 5.094050779531016787e-02
5.417274274555754054e+00 9.538016220989733451e-01 5.159564216531467573e-02
5.574250703040379840e+00 9.204134046516846412e-01 4.887543504675755796e-02
5.731550067715854624e+00 8.900587740355763167e-01 4.474467976557142124e-02
5.887853770917030438e+00 8.577376793877057315e-01 4.194315222911482871e-02
6.044776459544647373e+00 8.274613354878644911e-01 3.934782294496070448e-02
6.202141348599048420e+00 8.027566083191003399e-01 3.877523038761715446e-02
6.358730642182385928e+00 7.759241637479660225e-01 3.844536919916732159e-02
6.515835629712012356e+00 7.498233858176608368e-01 3.497857680856277657e-02
6.673143427242401060e+00 7.256447237440848408e-01 3.555240401326891647e-02
6.831058357852889174e+00 7.046347046204961551e-01 3.181302945663019854e-02
6.988824200211039894e+00 6.830942662457140102e-01 3.236983305876939276e-02
7.145915730786232878e+00 6.616008970756109830e-01 2.871785088062290756e-02
7.302190678485778186e+00 6.446156909958614678e-01 2.802937474736560963e-02
7.458624611099556212e+00 6.245880533399210677e-01 2.578799444027713231e-02
7.615956598517993115e+00 6.068088557686852624e-01 2.325101745343795961e-02
7.773197817507992546e+00 5.892050473302192781e-01 2.269600142680981703e-02
7.930420429045994979e+00 5.736763608407658976e-01 2.089673431531696018e-02
8.087968919861056705e+00 5.586480840896912436e-01 1.986172441459117116e-02
8.245420543875988884e+00 5.419719471897039842e-01 2.022346392871536558e-02
8.402941073642891112e+00 5.284877654890589582e-01 1.826162015800183308e-02
8.559250939273184144e+00 5.145340204465095324e-01 1.769726533812457717e-02
8.716195481665673483e+00 5.011357127796393085e-01 1.661718645877188413e-02
8.873529036028294570e+00 4.878520992746069318e-01 1.518856238510861260e-02
9.029792338552599773e+00 4.760068312834780935e-01 1.511531479245620431e-02
9.186917723908930355e+00 4.639740902130512490e-01 1.431659944430514232e-02
9.344119488193976863e+00 4.519256745056655089e-01 1.398136142372834179e-02
9.501635078687829861e+00 4.404046384153484928e-01 1.333746668797108730e-02
9.658849653149557568e+00 4.305164684090600491e-01 1.244740027952640285e-02
9.815350453411124221e+00 4.195641138990419128e-01 1.270065577785193384e-02
9.973161250804835731e+00 4.092362712891406407e-01 1.214971898973252543e-02
1.013018311144207040e+01 4.000925322891860092e-01 1.132942135991037158e-02
1.028729119392619218e+01 3.916495942688614229e-01 1.089528852738875370e-02
1.044453568029122792e+01 3.824280804629341945e-01 9.935035360387898390e-03
1.060100162181282712e+01 3.736387713111901654e-01 1.004020232527103040e-02
1.075856422567547988e+01 3.650950038426519217e-01 9.794388091916071334e-03
1.091589640063906330e+01 3.573393707915009099e-01 9.223732838275048446e-03
1.107249045805190768e+01 3.494717024027317875e-01 8.800170907227441996e-03
1.122908604632464780e+01 3.419010162504958483e-01 8.683701932941538526e-03
1.138603536563683072e+01 3.339855474606619468e-01 8.638883606016271866e-03
1.154408617575264451e+01 3.272021393778594134e-01 8.218787868516550313e-03
1.170161060505927608e+01 3.197969113008627406e-01 8.034237042063152937e-03
1.185871310691091374e+01 3.136211643506794378e-01 7.977741195097433000e-03
1.201589034203849948e+01 3.069616159734002148e-01 7.829011464239454474e-03
1.217254814597174217e+01 3.004318746660192274e-01 7.238498042169782751e-03
1.232924274899989037e+01 2.942965389309347146e-01 6.882404473776743484e-03
1.248626686786133888e+01 2.879249386453368031e-01 6.581493696421800328e-03
1.264289762833855235e+01 2.824090701605091458e-01 7.049748075504919803e-03
1.279980999067023717e+01 2.769295523943118287e-01 6.226242972787990673e-03
1.295781524442101507e+01 2.708990682039587039e-01 6.130071773754700894e-03
1.311522409507274922e+01 2.656217191394084076e-01 5.874280234932927232e-03
1.327189327120834150e+01 2.606250674583752147e-01 5.418505032915740122e-03
1.342893381986681511e+01 2.553197698634576684e-01 5.387764128773367585e-03
1.358644890945947914e+01 2.500595680891561923e-01 5.261718628372069953e-03
1.374357663098054338e+01 2.454899493168730962e-01 4.856978602300510324e-03
1.389984356875444504e+01 2.407508847701601284e-01 4.743237455152459099e-03
1.405713669152414269e+01 2.364285050920854614e-01 4.299510306517249393e-03
1.421502884306816483e+01 2.317918811974477855e-01 4.380750743638501567e-03
1.437201147355519737e+01 2.275836301375335213e-01 4.248675793213965365e-03
1.452887552585139908e+01 2.234362641149029438e-01 3.942153012991847505e-03
1.468598624165242050e+01 2.194339631153093828e-01 4.017206191435765406e-03
1.484294055074224872e+01 2.154008848790843755e-01 4.088982867705763698e-03
1.499992988698420504e+01 2.113421785766330663e-01 4.008493955300662485e-03
1.515669778781069255e+01 2.079638879927634965e-01 3.816714927188091626e-03
1.531367394111133606e+01 2.044216228484792008e-01 3.669063235201156480e-03
1.547119433260378685e+01 2.007250902945322546e-01 3.782899995313869675e-03
1.562827641859474781e+01 1.974666065200095522e-01 3.501163481799973460e-03
1.578506862595802573e+01 1.938466953563188211e-01 3.640927570833915692e-03
1.594250890683013822e+01 1.908955063259056562e-01 3.446543685153645020e-03
1.609964445828639157e+01 1.874509808656459331e-01 3.587563680984681615e-03
1.625671354291527848e+01 1.843850216055908930e-01 3.369452231695848916e-03
1.641396529424759620e+01 1.811304388556018163e-01 3.470570773977150244e-03
1.657092320589813284e+01 1.782781228003377516e-01 3.491221853053258321e-03
1.672796361240548535e+01 1.752718397749462031e-01 3.288447836011848622e-03
1.688517549643901461e+01 1.725967354908269080e-01 3.197123174616342284e-03
1.704208878648300995e+01 1.697821304404191489e-01 3.080935855847961001e-03
1.719898133465424550e+01 1.669982422010704293e-01 2.955372626664921724e-03
1.735586079259882908e+01 1.644573389070311809e-01 2.857918883344220343e-03
1.751293850608684366e+01 1.618897106267088437e-01 2.952530367966547942e-03
1.767031239152179367e+01 1.591950650241783505e-01 2.744193150277235340e-03
1.782754752418730249e+01 1.566594130370490001e-01 2.752153457111159492e-03
1.798479562792856612e+01 1.542757492399513264e-01 2.676895943784421590e-03
1.814208451899528285e+01 1.517446018545464403e-01 2.587489435398937498e-03
1.829913170677337320e+01 1.495148661163110682e-01 2.471157554979146707e-03
1.845626997621230814e+01 1.472091534178288919e-01 2.459005181768992437e-03
1.861316460528984251e+01 1.451113334443408232e-01 2.457330880651215771e-03
1.876967775485677947e+01 1.429655886227496897e-01 2.357447396464369075e-03
1.892689616329011315e+01 1.408749768510444145e-01 2.239849764496427021e-03
1.908410308400239330e+01 1.387118265762400937e-01 2.131614441369013811e-03
1.924115739965566618e+01 1.367373714960162245e-01 2.065968609887282228e-03
1.939848716293853315e+01 1.347575220967493215e-01 2.031744860362236140e-03
1.955582285497396455e+01 1.329219100386574703e-01 2.087907300582501121e-03
1.971328734130059956e+01 1.309505367251425634e-01 1.941273215288086273e-03
1.986974141744880384e+01 1.291101220011416639e-01 1.970838634733309246e-03
2.002622774148088425e+01 1.271863575867143437e-01 2.007728991265005699e-03
2.018341015431840191e+01 1.255703205026523772e-01 1.826367506149255719e-03
2.034057372093466398e+01 1.237984566128406821e-01 1.905500970513321259e-03
2.049788249740258905e+01 1.221104138218931240e-01 1.883421678860059019e-03
2.065488159098197229e+01 1.203898274000874680e-01 1.791456929570431778e-03
2.081224267520101279e+01 1.187466076445394814e-01 1.796915681515290873e-03
2.096989827302694565e+01 1.171768829133024437e-01 1.805573467142685415e-03
2.112658659925761029e+01 1.156084985548427313e-01 1.776769383865912889e-03
2.128320716890661757e+01 1.141525175052761354e-01 1.728629198203081741e-03
2.144049565975502247e+01 1.126156422991208966e-01 1.666314771623193195e-03
2.159764619265603613e+01 1.111049268838246867e-01 1.634169327627969662e-03
2.175459686371899437e+01 1.096682232568879922e-01 1.603840817469976516e-03
2.191160274018816878e+01 1.082448572035527162e-01 1.413329479438958430e-03
2.206875968349933714e+01 1.068926078291489168e-01 1.487501950684913619e-03
2.222583192098467109e+01 1.055128516411878437e-01 1.490192229914576302e-03
2.238271061778281634e+01 1.041913262070854884e-01 1.458959162697763589e-03
2.253989130416773889e+01 1.029004987072424243e-01 1.406088333026917240e-03
2.269708332023706987e+01 1.016297756022440935e-01 1.399541654768057071e-03
2.285436026579965940e+01 1.004261981519462971e-01 1.369043159063222789e-03
2.301157704429403594e+01 9.921108092558811320e-02 1.320925181126161949e-03
2.316858603816177720e+01 9.796366313849597107e-02 1.285968882799267028e-03
2.332581049338731916e+01 9.673831824719236749e-02 1.403499335546485672e-03
2.348316446393469548e+01 9.560557319897995676e-02 1.340818765683586761e-03
2.363993702599548996e+01 9.447627526826778144e-02 1.335784738226214333e-03
2.379665004636292736e+01 9.329435005261765834e-02 1.329300431501344044e-03
2.395353313882959512e+01 9.225944775370228945e-02 1.270290851423034380e-03
2.411087736277276505e+01 9.119251893633503747e-02 1.270825838368801848e-03
2.426838908392062066e+01 9.012465195394479822e-02 1.134178571196618876e-03
2.442520192112507260e+01 8.901993731520964348e-02 1.125125913688754470e-03
2.458205831340853464e+01 8.795479348671478292e-02 1.156106702924039132e-03
2.473892422991668383e+01 8.702882956017175820e-02 1.138235868351142321e-03
2.489614075480276867e+01 8.597825019075894248e-02 1.069751216765838647e-03
2.505340526859593098e+01 8.508840027619614388e-02 9.866791840922731812e-04
2.521012063337838427e+01 8.416710353054866756e-02 1.048597732441847912e-03
2.536735374590608671e+01 8.317274596093923722e-02 1.016272077253754097e-03
2.552481388593243139e+01 8.225946188029954753e-02 1.000948694187257359e-03
2.568184951093486035e+01 8.135657535082180258e-02 1.028516757428311629e-03
2.583897954740043090e+01 8.049427171796647018e-02 9.662512603358557398e-04
2.599618893481487447e+01 7.954195691069912422e-02 9.935392582648009188e-04
2.615317437358262609e+01 7.870816548199294216e-02 9.876383496630752878e-04
2.631008592027571424e+01 7.786622419251156002e-02 8.931416780590342329e-04
2.646701761629021732e+01 7.703313613604573229e-02 9.150220527019518879e-04
2.662410832664473048e+01 7.626019937873426691e-02 9.190967532612708468e-04
2.678141943602088659e+01 7.547134188452014891e-02 8.715321065868971350e-04
2.693860122002694979e+01 7.471925539304638542e-02 8.850996147543798657e-04
2.709562050470108829e+01 7.396597909620147848e-02 8.640981562432583415e-04
2.725270059857041716e+01 7.316934704954360102e-02 8.851413123512221317e-04
2.740974164891607856e+01 7.244014784168918697e-02 8.524845310882210678e-04
2.756702830147103711e+01 7.175114717927001673e-02 8.338952530559420569e-04
2.772407618987199740e+01 7.104044691122030075e-02 8.389662651573417387e-04
2.788063571159398180e+01 7.033553967290087638e-02 8.201059317433980487e-04
2.803755319036919502e+01 6.964876857610219352e-02 8.354276585893328317e-04
2.819481434561980038e+01 6.897101259449010813e-02 8.075745143343382795e-04
2.835223881670957269e+01 6.836296726628683651e-02 7.848683840599658852e-04
2.850910124126014722e+01 6.766515217147875405e-02 7.705189169825925983e-04
2.866597950802448835e+01 6.703966814168278721e-02 7.602642856607657370e-04
2.882356032479124863e+01 6.642551579624601799e-02 7.631956579274184246e-04
2.898072266877696634e+01 6.576068174762579599e-02 8.054275660748361470e-04
2.913771804718169989e+01 6.515533764483007195e-02 7.447592457522382234e-04
2.929482690640525533e+01 6.457667115244503098e-02 7.735625185909629151e-04
2.945218590924147151e+01 6.397640505242339903e-02 7.408147247558423756e-04
2.960919135628817145e+01 6.341532218704765134e-02 6.855358225333929882e-04
2.976586605748166647e+01 6.282179954419837842e-02 6.883128900550065368e-04
2.992280522086002037e+01 6.225450752617714412e-02 6.802630201563188497e-04
3.008003943385365275e+01 6.170672121869075211e-02 6.399254678247666200e-04
3.023717111104264532e+01 6.120434305812255671e-02 6.371589007676318984e-04
3.039409755187024942e+01 6.070999314356651660e-02 6.448294908049002775e-04
3.055124387927866536e+01 6.018745981958175534e-02 6.631629221758501315e-04
3.070851541553717468e+01 5.969874013029786985e-02 6.536000196545770687e-04
3.086582466442332162e+01 5.916233113348424305e-02 6.498892677398332993e-04
3.102255617942141086e+01 5.868354052024307710e-02 6.447798638695120040e-04
3.117937097861718598e+01 5.819195909160578689e-02 6.106480951859954640e-04
3.133663649833605547e+01 5.778958361671721056e-02 6.225170447505967318e-04
3.149374879730445898e+01 5.728144945247459069e-02 6.370993876042781211e-04
3.165080357818134615e+01 5.686496957934984720e-02 6.228088485474049529e-04
3.180790721180015979e+01 5.641188791764177590e-02 5.761816958659764319e-04
3.196510387646553397e+01 5.597273022220623090e-02 5.836254780066291213e-04
3.212216472333984285e+01 5.556282371169413148e-02 6.255035285731324387e-04
3.227938550166457787e+01 5.512220185058423066e-02 6.095616358585837771e-04
3.243664315934430675e+01 5.472398948165584087e-02 5.791562431926342664e-04
3.259354567529860702e+01 5.434558458293847066e-02 5.980624481871911436e-04
3.275043307306903984e+01 5.394503645856516677e-02 5.877756595264472519e-04
3.290753619157217003e+01 5.358292952298623901e-02 5.974615615609790101e-04
3.306466900908257855e+01 5.318756674375750559e-02 5.656306966593447044e-04
3.322163731132186371e+01 5.281382953506899569e-02 5.959260991124918543e-04
3.337862012386388955e+01 5.246307118371190681e-02 5.494610555791554305e-04
3.353601290680687441e+01 5.209751176289022234e-02 5.692826487573817481e-04
3.369327171042736069e+01 5.175063351117572402e-02 5.692947952000951446e-04
3.385003974987193942e+01 5.143279918999403566e-02 5.680149747470813765e-04
3.400706523244446089e+01 5.110872396479474583e-02 5.720232598655657606e-04
3.416414216143994054e+01 5.077950504064442788e-02 5.823741417107350295e-04
3.432128746206081615e+01 5.050601432961578097e-02 5.880044966895144314e-04
3.447838432323504065e+01 5.019450307730306121e-02 6.010228724048924604e-04
3.463523917872642954e+01 4.991560463541173942e-02 5.949474681205659324e-04
3.479246603048247977e+01 4.965377728341194286e-02 5.936254768718057925e-04
3.494961128598676936e+01 4.936718302345564219e-02 5.843656786812419495e-04
3.510669708522954835e+01 4.909501250937609723e-02 5.814707977673079986e-04
3.526386948712173108e+01 4.882254872215188030e-02 5.636911881774180457e-04
3.542094583868663449e+01 4.859153552624736333e-02 5.532336915358086315e-04
3.557795442967842803e+01 4.834460949838138150e-02 5.638667543903998648e-04
3.573494502910600090e+01 4.812772217763076898e-02 5.725791409855099769e-04
3.589217304556967747e+01 4.793154288272687136e-02 5.468655142497111767e-04
3.604942804423248504e+01 4.767043744337112754e-02 5.792189683224759642e-04
3.620634169633331112e+01 4.749651089997594666e-02 5.863385073921850666e-04
3.636330872430431782e+01 4.730074591251943322e-02 5.808429896229361494e-04
3.652048297879699845e+01 4.707969412631984180e-02 5.881033477838065043e-04
3.667775911005065836e+01 4.692759104760682587e-02 5.591580083673345237e-04
3.683482272372405220e+01 4.673519416739022048e-02 5.627615741805897399e-04
3.699174913108997487e+01 4.660146829821137926e-02 5.776158461716170058e-04
3.714890361507108452e+01 4.643630165540713756e-02 5.983059110791314481e-04
3.730584026907787631e+01 4.630341939560492226e-02 5.935328446503617197e-04
3.746256175949950062e+01 4.618785269083527933e-02 5.774126530190217986e-04
3.761964380127956531e+01 4.603551756405049183e-02 5.891167207587113836e-04
3.777689979736440051e+01 4.594632075864400755e-02 5.896639010913188933e-04
3.793404087462905494e+01 4.585263231838625220e-02 5.995849288571713110e-04
3.809121427422826400e+01 4.576044275089967417e-02 5.979555902264276860e-04
3.824845089289730282e+01 4.567318379494628156e-02 5.897588753388132744e-04
3.840575442284730201e+01 4.559892115675353436e-02 5.741380396019119979e-04
3.856276796948470320e+01 4.556555695578803911e-02 5.814635237320802189e-04
3.871959907707450554e+01 4.551522684593908852e-02 6.007543836147862058e-04
3.887682674449128228e+01 4.548497987981164892e-02 5.913160147957211140e-04
3.903393312318084440e+01 4.546337397871130781e-02 5.912117227130135816e-04
3.919072802632852159e+01 4.543466197997221567e-02 6.182728595379318294e-04
3.934784243510956259e+01 4.544694597741259084e-02 6.302577721850585778e-04
3.950508863077185140e+01 4.543036955243089786e-02 6.257671130483519846e-04
3.966213483586344779e+01 4.548668420054172157e-02 6.195555867456663084e-04
3.981900035657513826e+01 4.551402856090541738e-02 6.456012785558495979e-04
3.997616090986677051e+01 4.556053977222530860e-02 6.391612675139367447e-04
4.013355341593697290e+01 4.566432961498960441e-02 6.648233386004985925e-04
4.029049420908874168e+01 4.555920471096617380e-02 6.480979005445409958e-04
4.044742920880969450e+01 4.534185401414941863e-02 6.423457749291961198e-04
4.060456771350117577e+01 4.510166252019278538e-02 6.612250976711911074e-04
4.076160199864906986e+01 4.487429045642025993e-02 6.539038115666274357e-04
4.091870617079209183e+01 4.469167285548689833e-02 6.513765970302746707e-04
4.107575345671157407e+01 4.447596481329376544e-02 6.326002479828423579e-04
4.123270201583072492e+01 4.426502008780380110e-02 6.236603141702043397e-04
4.138980621586031106e+01 4.400129466491671526e-02 6.119934182848996845e-04
4.154695689957926419e+01 4.383308396632111525e-02 6.222053690953005707e-04
4.170420599838194420e+01 4.362198916442090735e-02 6.037518230377200354e-04
4.186123902761131887e+01 4.342140562507355861e-02 6.065115614994351714e-04
4.201803464077677575e+01 4.323822715946366163e-02 5.950153306663250041e-04
4.217530385597030573e+01 4.304727528201063302e-02 5.945961812878872328e-04
4.233268701997334915e+01 4.286181389073237535e-02 5.781441769151132552e-04
4.248951607587162727e+01 4.267210742934185452e-02 5.776758306856944261e-04
4.264654483609960778e+01 4.251944608242710227e-02 5.599041089085172529e-04
4.280379310469830756e+01 4.236632966356555091e-02 5.820938442703488345e-04
4.296088465425426506e+01 4.217186443133015550e-02 5.890363635959573003e-04
4.311796117340112033e+01 4.200553169534094328e-02 5.868501727985030256e-04
4.327487296090120594e+01 4.186848995245819743e-02 5.957513784202171951e-04
4.343215900797665086e+01 4.169981188834924468e-02 6.212480918239767251e-04
4.358915756438649680e+01 4.156688399421839403e-02 6.028916689975932558e-04
4.374590019442506872e+01 4.139705391235202342e-02 6.089207124232739023e-04
4.390308196728489776e+01 4.123974310622770950e-02 5.979143274667706679e-04
4.406026540140641856e+01 4.111507323358751936e-02 5.959865850718384797e-04
4.421733947397627418e+01 4.099901862370768785e-02 5.905827263031213558e-04
4.437441870967763435e+01 4.084963908359676155e-02 5.805882746979159357e-04
4.453159054016027341e+01 4.072387482659791530e-02 5.847763928429354410e-04
4.468864369014499971e+01 4.062092037695035074e-02 6.067646214590414339e-04
4.484568230746856443e+01 4.047258090851833107e-02 5.865785400102236377e-04
4.500269304354133482e+01 4.037547949688400500e-02 5.792918450805725848e-04
4.515977284766967870e+01 4.025566049138798452e-02 5.718853679821096856e-04
4.531686285685834292e+01 4.012341871420554290e-02 5.771580823468190668e-04
4.547384088087638787e+01 4.001603533008875335e-02 5.848404372271043391e-04
4.563096257271651268e+01 3.994560361368723611e-02 5.826555529231244521e-04
4.578809215502025154e+01 3.981121551470775954e-02 5.800099587866392034e-04
4.594526022451645275e+01 3.973847364441741165e-02 5.796313338698699498e-04
4.610241065302696484e+01 3.964320301224914106e-02 5.786498793142306769e-04
4.625942303757445018e+01 3.958382463015848451e-02 6.015169809879258389e-04
4.641651864846570419e+01 3.945113070660077187e-02 5.831553218001893834e-04
4.657358995219062336e+01 3.939635461186043880e-02 5.919987412767793722e-04
4.673055122934910344e+01 3.931743164748079805e-02 6.072954721483530671e-04
4.688769533932448752e+01 3.922581326323268391e-02 6.154498452665585788e-04
4.704487487664587775e+01 3.917219562079718442e-02 5.980329440874861081e-04
4.720194532843748902e+01 3.912157524615143822e-02 6.038296037015018292e-04
4.735881112539362192e+01 3.905445503114515077e-02 6.200894995499575983e-04
4.751594922127566889e+01 3.901381163544912628e-02 6.003808587765332517e-04
4.767320843071468062e+01 3.897172366117798714e-02 5.869847777807864209e-04
4.783005539646318738e+01 3.894386687992090063e-02 6.259300602755242830e-04
4.798705586135240253e+01 3.892051067085975508e-02 6.309545568959353760e-04
4.814425264367952195e+01 3.885272397655783333e-02 6.199278336602385411e-04
4.830162275879657585e+01 3.888208242670954801e-02 6.074370207382212040e-04
4.845851778780102848e+01 3.881150837182591878e-02 6.155664304660514842e-04
4.861520715314837560e+01 3.882103093814689987e-02 6.253530039997702832e-04
4.877242153506116296e+01 3.880358162956648593e-02 6.121507090222744847e-04
4.892970299330707462e+01 3.879884614394161352e-02 6.126486524794159082e-04
4.908687730184542630e+01 3.878837747710434103e-02 6.487822824287933342e-04
4.924388320254833218e+01 3.877233067433747543e-02 6.197299085617151903e-04
4.940103443741363520e+01 3.879300736317483483e-02 6.214888184061303101e-04
4.955831508412312303e+01 3.882034348178634714e-02 6.498507168555077819e-04
4.971529298264005092e+01 3.882527543723261754e-02 6.435925950425860735e-04
4.987219821721060953e+01 3.883635760329753883e-02 6.446648966474519040e-04
5.002932603361167452e+01 3.888952919769916167e-02 6.779205234387933278e-04
5.018631556218895895e+01 3.893197591718666056e-02 6.719851722224372097e-04
5.034318046550159664e+01 3.893998640851575183e-02 6.818584078390819807e-04
5.050027700963133270e+01 3.900031904278213057e-02 6.722621919956917741e-04
5.065760132077017630e+01 3.905136633585253036e-02 6.860663645758052417e-04
5.081468395693172369e+01 3.911517333647354655e-02 7.126496123376667782e-04
5.097152509422535616e+01 3.918910332103157229e-02 7.034684996974163197e-04
5.112862248776254148e+01 3.921183357040070733e-02 7.137616027262615181e-04
5.128592090654180424e+01 3.930437888986027667e-02 6.960020796102651388e-04
5.144309555085856545e+01 3.938708395232148191e-02 7.245353416966359393e-04
5.160011158510122442e+01 3.948679961586411269e-02 7.538110950028623037e-04
5.175731960526265141e+01 3.958703323030889065e-02 7.603030250748611749e-04
5.191461796314855093e+01 3.966359403805030243e-02 7.745119388903390356e-04
5.207135607669539468e+01 3.980379453875280277e-02 7.657550521452705398e-04
5.222806478446842959e+01 3.987214692626733781e-02 7.758796446913800767e-04
5.238543254445986008e+01 3.999539894590129624e-02 7.655029164653189347e-04
5.254257611595600252e+01 4.014386155708866977e-02 7.638000501622280213e-04
5.269931833415011369e+01 4.025043632565792479e-02 8.012597444333395373e-04
5.285639491892390396e+01 4.040980534687946268e-02 7.959621789290013830e-04
5.301344724624242843e+01 4.050151129800215466e-02 7.950821979894671758e-04
5.317051876980443836e+01 4.070810184679102273e-02 8.170245509618614911e-04
5.332766755103651235e+01 4.080375564777211084e-02 8.046203025894434419e-04
5.348500298077735948e+01 4.095990442086228783e-02 8.384627972560651987e-04
5.364223496464932595e+01 4.113097789720265157e-02 8.166521126363396679e-04
5.379894742060574231e+01 4.120574299453224482e-02 8.367038500816291685e-04
5.395600833673379526e+01 4.147786720911343650e-02 8.436205288202214487e-04
5.411326202300976718e+01 4.154993566574431002e-02 8.689263201675530681e-04
5.427042920719081565e+01 4.180834937955807407e-02 8.508894016747204671e-04
5.442747824826232517e+01 4.198676673472002269e-02 8.956517958048046705e-04
5.458441850666565642e+01 4.207091364017806479e-02 9.130719301972075631e-04
5.474136316151507486e+01 4.237235888196781708e-02 9.249563376449070409e-04
5.489845354594736193e+01 4.235102729939967808e-02 9.015631385638609883e-04
5.505543071674868116e+01 4.273561172454962837e-02 9.235356996773625565e-04
5.521246252122121234e+01 4.265015980732861367e-02 9.303727048085462178e-04
5.536984311615618992e+01 4.289353859311922229e-02 9.399458983703674365e-04
5.552689545859513487e+01 4.299624337015457709e-02 9.328611377087851287e-04
5.568345304981696842e+01 4.304894777001701256e-02 9.645179673709399935e-04
5.584069806587591955e+01 4.321862158602580994e-02 9.722341344072217778e-04
5.599821974258232160e+01 4.317023561728449560e-02 9.637788519630040383e-04
5.615502105568013036e+01 4.337899873094202413e-02 9.590910025760326181e-04
5.631202680508972236e+01 4.320493449620726317e-02 9.613357644596735255e-04
5.646899832525830476e+01 4.317727255783438550e-02 9.984956913818715269e-04
5.662594416693222854e+01 4.315069666108492519e-02 9.883001855065650862e-04
5.678259778611094788e+01 4.295160685316543742e-02 9.314872806775853888e-04
5.693974320550065471e+01 4.272961474640190466e-02 9.082286814471070410e-04
5.709745763556057341e+01 4.261130993107149767e-02 9.662928288522180855e-04
5.725425030629697432e+01 4.255989517796896632e-02 9.461946091199872249e-04
5.741133935045357362e+01 4.264135690306465609e-02 9.798627728966793470e-04
5.756884321301916430e+01 4.252697705438115983e-02 9.813156997268350328e-04
5.772583149644106726e+01 4.250904114290213198e-02 1.043370226798279220e-03
5.788266851229413135e+01 4.262458271048195219e-02 1.008838504315679461e-03
5.803962257639496869e+01 4.261343202507925781e-02 1.035574833900962432e-03
5.819689621995856754e+01 4.269165374780275329e-02 1.020661192891605430e-03
5.835388594986143573e+01 4.271817835852700918e-02 1.049011910939807828e-03
5.851048421778040876e+01 4.284756096869008629e-02 1.023942141163114309e-03
5.866767751707434542e+01 4.296014584982874723e-02 1.062272135946214745e-03
5.882508228998036515e+01 4.305855285908563590e-02 1.060126778465119617e-03
5.898224736123371770e+01 4.323819132956969319e-02 1.112998624670851529e-03
5.913884692477888905e+01 4.339507214261258128e-02 1.089116632398273287e-03
5.929564464283270553e+01 4.335429246566135930e-02 1.100770402798264625e-03
5.945352258001084778e+01 4.361269418162755374e-02 1.036160449199946933e-03
5.961070231467085279e+01 4.377108109487110044e-02 1.105320503995988086e-03
5.976731456083252425e+01 4.396412956776199477e-02 1.130362124024550602e-03
5.992470345964100886e+01 4.406121069566992787e-02 1.133339096732732202e-03
6.008258871068673557e+01 4.433491928690838635e-02 1.199750636878040835e-03
6.023932684135217386e+01 4.458505775572223911e-02 1.225317790465003422e-03
6.039577003462449767e+01 4.471566742303616226e-02 1.219811224394055753e-03
6.055359641907271140e+01 4.492903440324716446e-02 1.197231333382571105e-03
6.071075143884250735e+01 4.523731203522617789e-02 1.234349882495976072e-03
6.086694421945293243e+01 4.551115735354537700e-02 1.224776941585635969e-03
6.102425531444302464e+01 4.567842074617539661e-02 1.237449340496527299e-03
6.118247453171182570e+01 4.598379524949715302e-02 1.290225751885637831e-03
6.133922796139895439e+01 4.631240137859909956e-02 1.342440590768350771e-03
6.149500095360918550e+01 4.667668578747898728e-02 1.377744570349715997e-03
6.165273087261874707e+01 4.689353181895916656e-02 1.322032876483630577e-03
6.181035768224073479e+01 4.721134135352717670e-02 1.438501291671959604e-03
6.196658879224211347e+01 4.772470725616646814e-02 1.364777787475278739e-03
6.212335790698150362e+01 4.810473066131416148e-02 1.384356642669711717e-03
6.228107077783446499e+01 4.839058838594034739e-02 1.508273710244797733e-03
6.243888440645920923e+01 4.891185845617078420e-02 1.490508797791746491e-03
6.259509475519177357e+01 4.939849432619609904e-02 1.512420664987142605e-03
6.275126133402213213e+01 4.978431323769094696e-02 1.584301161056425990e-03
6.290970383392785692e+01 5.022094288387871086e-02 1.676834356616889975e-03
6.306742373223402609e+01 5.068272604873277909e-02 1.752349791279743385e-03
6.322280294943617918e+01 5.143350540036081830e-02 1.697513927910004579e-03
6.337987377443261039e+01 5.170171902126004942e-02 1.782707573200517344e-03
6.353882537730356006e+01 5.228749009382667456e-02 1.701643229664712457e-03
6.369583997100188810e+01 5.308521046381380060e-02 1.938933963148062496e-03
6.385069315579813320e+01 5.369821570849281356e-02 2.023418605382776812e-03
6.400839299893164025e+01 5.413789455022231800e-02 2.012717614239001047e-03
6.416809543670143512e+01 5.482613979025543344e-02 2.062962252467544482e-03
6.432368783513420851e+01 5.572190238265675027e-02 2.076447131344735363e-03
6.447781313266034431e+01 5.628690381279010529e-02 1.967808622606117414e-03
6.463688740304701241e+01 5.692424853798844220e-02 2.073562412409997360e-03
6.479625487617632018e+01 5.782443944563010751e-02 2.122880961819492273e-03
6.495148303704421267e+01 5.871213088917836415e-02 2.290960112878018002e-03
6.510742899732220224e+01 5.917691566535661363e-02 2.150553655850258577e-03
6.526686243779083441e+01 6.040187769240804722e-02 2.243777316197166291e-03
6.542332085458025404e+01 6.128243275789026917e-02 2.291740867862457690e-03
6.557521362548898480e+01 6.202121092333261893e-02 2.377587962005052024e-03
6.573493827371439124e+01 6.304381263144430425e-02 2.453323392036811743e-03
6.589776439269822106e+01 6.392724149203311834e-02 2.442071409222019204e-03
6.605074465606993783e+01 6.511780592327826023e-02 2.605135248065929519e-03
6.620098780477589173e+01 6.622395095383545871e-02 2.437317043661490264e-03
6.636352405735766524e+01 6.717583612185638875e-02 2.849906779554778509e-03
6.652950706440147144e+01 6.848558479874028437e-02 2.662931091762224447e-03
6.667987868647104222e+01 6.970175654831427259e-02 3.111617971667206013e-03
6.682727252513147675e+01 7.144132471852029931e-02 3.044675849247409100e-03
6.699329411113721733e+01 7.250037739713983964e-02 2.876508690850090519e-03
6.716167327558071065e+01 7.404856207464428908e-02 3.023481603974647377e-03
6.730495891174597034e+01 7.545515547271841594e-02 3.243821302773780904e-03
6.744911693033651545e+01 7.752464234758194017e-02 3.425964679562151435e-03
6.762229848423206136e+01 7.869723532666923760e-02 3.269464577130568733e-03
6.779550657872420061e+01 8.030035527010373486e-02 3.092030207135130614e-03
6.792744758467283361e+01 8.185889268525435580e-02 4.047017169380985775e-03
6.806966116498493591e+01 8.375617951045524756e-02 3.985665043249601164e-03
6.824869617173445135e+01 8.551899471815220533e-02 4.736561734037640810e-03
6.842663219513711681e+01 8.717202905403709234e-02 3.886732443773402955e-03
6.856220509771767979e+01 8.936729862170139649e-02 5.635861785076256431e-03
6.869683295929898748e+01 8.980200638035765182e-02 4.742450177876558585e-03
6.887607845862255829e+01 9.217328330424537364e-02 6.182412349365506120e-03
6.905498360928540080e+01 9.498904843472873172e-02 6.491126768793452351e-03
6.919731970468525617e+01 9.605772014488450639e-02 1.112156533689023265e-02
6.932079956170674961e+01 9.987606229989541562e-02 1.458069493304576907e-02
6.949139529302948404e+01 1.020174738350657362e-01 2.162542291785577581e-02
6.964989558659395641e+01 8.099253423882502023e-02 8.867778736027565056e-02
