2.224910306174238406e-01 3.054399595320596745e+02 4.488003692757314589e+00
3.769780541266394280e-01 1.162884571880091613e+02 5.880741273001640401e+00
5.361975466142091529e-01 6.205579162496623979e+01 2.845956613196078067e+00
6.959151941223191695e-01 4.104240585867904656e+01 2.079758195580814650e+00
8.587749464508526165e-01 2.886147074987728089e+01 1.598301664479069961e+00
1.011971690356436415e+00 2.262092269704096381e+01 1.206515162630414917e+00
1.169179170893919872e+00 1.855456461909761501e+01 9.921090043827042182e-01
1.327056275441487854e+00 1.554944939875169219e+01 1.144163960688860726e+00
1.486340610235147519e+00 1.323957195402192433e+01 9.914300400245112943e-01
1.644056203647197956e+00 1.162080634237110210e+01 8.273607378491012465e-01
1.799158226674683947e+00 1.043205141216794729e+01 7.896395698774762995e-01
1.956965228922086908e+00 9.423880628973586582e+00 7.507971019575027105e-01
2.117599736458634752e+00 8.578882698437748644e+00 6.900791663926284514e-01
2.274213655131842593e+00 7.934946301495472198e+00 6.445362994178881477e-01
2.430197444207553126e+00 7.276193804108764596e+00 6.104753868483672186e-01
2.586907597398416137e+00 6.767201023017830330e+00 5.447331015791168074e-01
2.743941110636397784e+00 6.323290717825053697e+00 5.246011212431513915e-01
2.901357711950232954e+00 5.920157058024241969e+00 4.738220131408692470e-01
3.059174166343713086e+00 5.566114734050476187e+00 4.250376458781093270e-01
3.217043157725734570e+00 5.271613957581235965e+00 4.201794558119963385e-01
3.373752004160201601e+00 4.974163101744078830e+00 3.902102868137546365e-01
3.529873897105368918e+00 4.721299920926749216e+00 3.788256881728825354e-01
3.687833939368670766e+00 4.478530002126367648e+00 3.225761288812040717e-01
3.844662685630670929e+00 4.252252295292589857e+00 3.132639879982100917e-01
4.001643860127775731e+00 4.041672938656904357e+00 2.953713949448379950e-01
4.159977921717700866e+00 3.836800686268722949e+00 2.707378778046197754e-01
4.317989114441106224e+00 3.664848897120555726e+00 2.534120858365678242e-01
4.474413033442711018e+00 3.502860424602056710e+00 2.358574768486811357e-01
4.630884226619629729e+00 3.355218452808071739e+00 2.144025538607480796e-01
4.787016968352893365e+00 3.208426799587740685e+00 2.138495632287542580e-01
4.944724671628838664e+00 3.075832660828015097e+00 1.959876952636824265e-01
5.102344338619310804e+00 2.937408988188919157e+00 1.819172533437822259e-01
5.259848256524614740e+00 2.822393849169610114e+00 1.757990884476896831e-01
5.417274274555754054e+00 2.699847142343678730e+00 1.682907235146594849e-01
5.574250703040379840e+00 2.599672234102188284e+00 1.530299543518416627e-01
5.731550067715854624e+00 2.495757021698910005e+00 1.431118832105851835e-01
5.887853770917030438e+00 2.400836078823727959e+00 1.346429009800265142e-01
6.044776459544647373e+00 2.307450853102841037e+00 1.300497634131606850e-01
6.202141348599048420e+00 2.225147884047486979e+00 1.213075665522609786e-01
6.358730642182385928e+00 2.145941561811980147e+00 1.257947119856494544e-01
6.515835629712012356e+00 2.064304612700427199e+00 1.136210827096252735e-01
6.673143427242401060e+00 1.989804075274351547e+00 1.098593323982463010e-01
6.831058357852889174e+00 1.920767406131460353e+00 1.012509500711477745e-01
6.988824200211039894e+00 1.854462439454718448e+00 9.918350697847201636e-02
7.145915730786232878e+00 1.787628601400572892e+00 9.767037752657560523e-02
7.302190678485778186e+00 1.728381853597255047e+00 8.999802083347831216e-02
7.458624611099556212e+00 1.668485404941300487e+00 8.490210418549264115e-02
7.615956598517993115e+00 1.619203447354862879e+00 7.933522982256527301e-02
7.773197817507992546e+00 1.564007452700145295e+00 7.639332747965467407e-02
7.930420429045994979e+00 1.512226430775392316e+00 7.525099354409917063e-02
8.087968919861056705e+00 1.465290461065362315e+00 7.176595428441252811e-02
8.245420543875988884e+00 1.417710060349202106e+00 6.774588245693891064e-02
8.402941073642891112e+00 1.372042644058301342e+00 6.800664375468964962e-02
8.559250939273184144e+00 1.335297016433027562e+00 6.542914946189699876e-02
8.716195481665673483e+00 1.288908069280676916e+00 6.385779087667545206e-02
8.873529036028294570e+00 1.250693243479425343e+00 6.071507661297224911e-02
9.029792338552599773e+00 1.213438409629189474e+00 5.606221254341213489e-02
9.186917723908930355e+00 1.179502708078136175e+00 5.184000021451025397e-02
9.344119488193976863e+00 1.144318642694585941e+00 4.984216202237994747e-02
9.501635078687829861e+00 1.111504076117255213e+00 4.916217979837052277e-02
9.658849653149557568e+00 1.079875659427359302e+00 4.641447160707563857e-02
9.815350453411124221e+00 1.051439803555381136e+00 4.430426639345411838e-02
9.973161250804835731e+00 1.021542876315983950e+00 4.271125945750813696e-02
1.013018311144207040e+01 9.929851359974314340e-01 4.292002916309903271e-02
1.028729119392619218e+01 9.655908810080160443e-01 4.053299428473199767e-02
1.044453568029122792e+01 9.408385267091745607e-01 3.919108899508930155e-02
1.060100162181282712e+01 9.148078786977801302e-01 3.603292811163156389e-02
1.075856422567547988e+01 8.905907883227761612e-01 3.567101392828025269e-02
1.091589640063906330e+01 8.680195752610770921e-01 3.557664502372585857e-02
1.107249045805190768e+01 8.457388420997271616e-01 3.298341232482368546e-02
1.122908604632464780e+01 8.226196229529023629e-01 3.124282648252425451e-02
1.138603536563683072e+01 8.013496363782437459e-01 3.001018896557945681e-02
1.154408617575264451e+01 7.818395597800964492e-01 2.870470794256245461e-02
1.170161060505927608e+01 7.624087369450563978e-01 2.739886595488818036e-02
1.185871310691091374e+01 7.441786251100375171e-01 2.665317367907200571e-02
1.201589034203849948e+01 7.262570093948632621e-01 2.685894741507544384e-02
1.217254814597174217e+01 7.095880785602333152e-01 2.703499410050328247e-02
1.232924274899989037e+01 6.925223356908349892e-01 2.580914765567311059e-02
1.248626686786133888e+01 6.758996729549642257e-01 2.513201715841233488e-02
1.264289762833855235e+01 6.611629648537992177e-01 2.354876102578101413e-02
1.279980999067023717e+01 6.447570788666853181e-01 2.236783610227200542e-02
1.295781524442101507e+01 6.308817751903028626e-01 2.213446670829737756e-02
1.311522409507274922e+01 6.162881578334904464e-01 2.102790733404842280e-02
1.327189327120834150e+01 6.041450061343770495e-01 2.012870939135917581e-02
1.342893381986681511e+01 5.908089021664512108e-01 2.019882686681150410e-02
1.358644890945947914e+01 5.777955854824164961e-01 1.924081317791859203e-02
1.374357663098054338e+01 5.651759980453190391e-01 1.861087003689418373e-02
1.389984356875444504e+01 5.535182707417358738e-01 1.915015094709949031e-02
1.405713669152414269e+01 5.416908850947816934e-01 1.792688821949616623e-02
1.421502884306816483e+01 5.304462574886651405e-01 1.756240326087144324e-02
1.437201147355519737e+01 5.194872782691741797e-01 1.641552165094851273e-02
1.452887552585139908e+01 5.097957170098853519e-01 1.599197879820673032e-02
1.468598624165242050e+01 4.988318908780850491e-01 1.576392976776185700e-02
1.484294055074224872e+01 4.888280305380031110e-01 1.533631367910241912e-02
1.499992988698420504e+01 4.798585355568730781e-01 1.496438083486132699e-02
1.515669778781069255e+01 4.706336174292877761e-01 1.451103455306536338e-02
1.531367394111133606e+01 4.612362420567313603e-01 1.394233905677212844e-02
1.547119433260378685e+01 4.520971228617255977e-01 1.320684494377372988e-02
1.562827641859474781e+01 4.433677405901348401e-01 1.323735006646925040e-02
1.578506862595802573e+01 4.352090412133782227e-01 1.285950289794505694e-02
1.594250890683013822e+01 4.270391010978337731e-01 1.260165675517096670e-02
1.609964445828639157e+01 4.191146167635749764e-01 1.198923367132556130e-02
1.625671354291527848e+01 4.119248953076702913e-01 1.202927905427996977e-02
1.641396529424759620e+01 4.042456257424412169e-01 1.168545249211813512e-02
1.657092320589813284e+01 3.968894828964616428e-01 1.139207433672683248e-02
1.672796361240548535e+01 3.897627554609636169e-01 1.110583048602122903e-02
1.688517549643901461e+01 3.830502286820195446e-01 1.057484385251693422e-02
1.704208878648300995e+01 3.762129227504844575e-01 1.071771833021758005e-02
1.719898133465424550e+01 3.695792567206126478e-01 1.022625612476181153e-02
1.735586079259882908e+01 3.633478866644386240e-01 9.789563977150545632e-03
1.751293850608684366e+01 3.570366615878055594e-01 9.382267362728395621e-03
1.767031239152179367e+01 3.510061615521909983e-01 9.307645395089884227e-03
1.782754752418730249e+01 3.452500024686856461e-01 8.878997035804006913e-03
1.798479562792856612e+01 3.393198993879190106e-01 8.513442750444506421e-03
1.814208451899528285e+01 3.340532820447716378e-01 8.544638955180953663e-03
1.829913170677337320e+01 3.283549873262927576e-01 8.482134518789253425e-03
1.845626997621230814e+01 3.232826725710628568e-01 8.062327828024556248e-03
1.861316460528984251e+01 3.179584961005724741e-01 7.601127772207505462e-03
1.876967775485677947e+01 3.127404606661810527e-01 7.909854700690699056e-03
1.892689616329011315e+01 3.076949548356991415e-01 7.790889327231598216e-03
1.908410308400239330e+01 3.031316813941860588e-01 7.738122193268167151e-03
1.924115739965566618e+01 2.983456718504038374e-01 7.362763434446899929e-03
1.939848716293853315e+01 2.938888179264760314e-01 7.274669640591691772e-03
1.955582285497396455e+01 2.891608611043062771e-01 6.855466546578471883e-03
1.971328734130059956e+01 2.849316034691596333e-01 6.647410913673977052e-03
1.986974141744880384e+01 2.804955165853435517e-01 6.615902857161202154e-03
2.002622774148088425e+01 2.763738582103865138e-01 6.524452896613033848e-03
2.018341015431840191e+01 2.727013663942307042e-01 6.197391383461715517e-03
2.034057372093466398e+01 2.682657869567610653e-01 6.130512552131624562e-03
2.049788249740258905e+01 2.646243002069332828e-01 5.996347116017916590e-03
2.065488159098197229e+01 2.607949477271686578e-01 5.838966902520054472e-03
2.081224267520101279e+01 2.572115020916847516e-01 5.885077614285826909e-03
2.096989827302694565e+01 2.534399606295416052e-01 5.504177488691265260e-03
2.112658659925761029e+01 2.497730265159436025e-01 5.567938744773898510e-03
2.128320716890661757e+01 2.464173714965178508e-01 5.466483403902080464e-03
2.144049565975502247e+01 2.430076303317129371e-01 5.290815671865063512e-03
2.159764619265603613e+01 2.396531824696785107e-01 5.060626974438065320e-03
2.175459686371899437e+01 2.364489957542003085e-01 5.064300430886101850e-03
2.191160274018816878e+01 2.331588386707931781e-01 4.728088569551887506e-03
2.206875968349933714e+01 2.299640252344263280e-01 4.779354375122095260e-03
2.222583192098467109e+01 2.267808243922514733e-01 4.590526045226034878e-03
2.238271061778281634e+01 2.238364278175513644e-01 4.549372869192458771e-03
2.253989130416773889e+01 2.210013798181000300e-01 4.440328167424005545e-03
2.269708332023706987e+01 2.181159610302835783e-01 4.337339767999721929e-03
2.285436026579965940e+01 2.152716005488223838e-01 4.186349394507524538e-03
2.301157704429403594e+01 2.125687090303065574e-01 4.196913663260727623e-03
2.316858603816177720e+01 2.097545704804140987e-01 4.135151652639461675e-03
2.332581049338731916e+01 2.071387055223582463e-01 4.134094845784194033e-03
2.348316446393469548e+01 2.044590001882634067e-01 3.965119798563963675e-03
2.363993702599548996e+01 2.018826701444767502e-01 4.026628237304400934e-03
2.379665004636292736e+01 1.993984958736167434e-01 3.835828859066023073e-03
2.395353313882959512e+01 1.968216294413917822e-01 3.699794353410354106e-03
2.411087736277276505e+01 1.946294618732671011e-01 3.565565096399705633e-03
2.426838908392062066e+01 1.922119218561280096e-01 3.469161690841493072e-03
2.442520192112507260e+01 1.898781801268991654e-01 3.434425972140448934e-03
2.458205831340853464e+01 1.877167791659641594e-01 3.401276299181572697e-03
2.473892422991668383e+01 1.853550116487312494e-01 3.410170552084846284e-03
2.489614075480276867e+01 1.832401403684990326e-01 3.494884218964851210e-03
2.505340526859593098e+01 1.809105994927068251e-01 3.265172803453079888e-03
2.521012063337838427e+01 1.788115163422136500e-01 3.330184125587618785e-03
2.536735374590608671e+01 1.767468467311271441e-01 3.260732252690003597e-03
2.552481388593243139e+01 1.747686041685463931e-01 3.222850986097437406e-03
2.568184951093486035e+01 1.727285638445000826e-01 3.138425032326939978e-03
2.583897954740043090e+01 1.708643016547193583e-01 3.055901560844440524e-03
2.599618893481487447e+01 1.688855581881774925e-01 3.089769442783509099e-03
2.615317437358262609e+01 1.669459755218923036e-01 2.902368090599577108e-03
2.631008592027571424e+01 1.651747027989836913e-01 2.970677990075714682e-03
2.646701761629021732e+01 1.633861820294601197e-01 2.961628168477772969e-03
2.662410832664473048e+01 1.616066756009015837e-01 2.880092378314670284e-03
2.678141943602088659e+01 1.597485749070376160e-01 2.946406813126188715e-03
2.693860122002694979e+01 1.581150351847875335e-01 2.842312789741033470e-03
2.709562050470108829e+01 1.563757007513931763e-01 2.714432758027479891e-03
2.725270059857041716e+01 1.548292632057882423e-01 2.671183914066354442e-03
2.740974164891607856e+01 1.531500423262521227e-01 2.666539313057329514e-03
2.756702830147103711e+01 1.514545966460609239e-01 2.601737015358049267e-03
2.772407618987199740e+01 1.499740667669816341e-01 2.497177650361083294e-03
2.788063571159398180e+01 1.484366056049838678e-01 2.569254115616986887e-03
2.803755319036919502e+01 1.469197819931679638e-01 2.398969695019141993e-03
2.819481434561980038e+01 1.454474096816740225e-01 2.534840661374353297e-03
2.835223881670957269e+01 1.439997345317403921e-01 2.373643006107636465e-03
2.850910124126014722e+01 1.424906709639512936e-01 2.397823848798527439e-03
2.866597950802448835e+01 1.411277001041517098e-01 2.357497611836590137e-03
2.882356032479124863e+01 1.397009258659641651e-01 2.361357922729497103e-03
2.898072266877696634e+01 1.383347805265662256e-01 2.310501289374262794e-03
2.913771804718169989e+01 1.369674205722445359e-01 2.287181930072419364e-03
2.929482690640525533e+01 1.356685433165985000e-01 2.201259688245347981e-03
2.945218590924147151e+01 1.343442898781792294e-01 2.187754467888636777e-03
2.960919135628817145e+01 1.331242359032381306e-01 2.077758133948204820e-03
2.976586605748166647e+01 1.319040813697111014e-01 2.194993607516946155e-03
2.992280522086002037e+01 1.307118100346324474e-01 2.195230714054747893e-03
3.008003943385365275e+01 1.294918168455893581e-01 2.075876607151316573e-03
3.023717111104264532e+01 1.283353794433540196e-01 2.053524458569570051e-03
3.039409755187024942e+01 1.272497558464809331e-01 2.032279641567520580e-03
3.055124387927866536e+01 1.261130569273632429e-01 1.976607385923524057e-03
3.070851541553717468e+01 1.250184222856463023e-01 1.985332714614854947e-03
3.086582466442332162e+01 1.238361806310113028e-01 1.951294496096906512e-03
3.102255617942141086e+01 1.228327641456556651e-01 1.905987292337393921e-03
3.117937097861718598e+01 1.217743877865580526e-01 1.840323593760898784e-03
3.133663649833605547e+01 1.207636577005181122e-01 1.809000239585706804e-03
3.149374879730445898e+01 1.197392937875235430e-01 1.847016889493416142e-03
3.165080357818134615e+01 1.187040545218735477e-01 1.824830049653257142e-03
3.180790721180015979e+01 1.177905992930479845e-01 1.770389169959010875e-03
3.196510387646553397e+01 1.168146591862467554e-01 1.788048266411536259e-03
3.212216472333984285e+01 1.158696260852287163e-01 1.706348456783238297e-03
3.227938550166457787e+01 1.149651798966525307e-01 1.792817359167898483e-03
3.243664315934430675e+01 1.141331329411305745e-01 1.796661043722625525e-03
3.259354567529860702e+01 1.132067844241598509e-01 1.817738629245141619e-03
3.275043307306903984e+01 1.123431494735406266e-01 1.743983017052386795e-03
3.290753619157217003e+01 1.115142682698446325e-01 1.691957020343727363e-03
3.306466900908257855e+01 1.106762086771120868e-01 1.672802286537694756e-03
3.322163731132186371e+01 1.098465785594181232e-01 1.698212146004525469e-03
3.337862012386388955e+01 1.090779607357438008e-01 1.670741069568628745e-03
3.353601290680687441e+01 1.083206835674971891e-01 1.665635889862828335e-03
3.369327171042736069e+01 1.076167583721377025e-01 1.600021776701108676e-03
3.385003974987193942e+01 1.069056065925470950e-01 1.579812967635014533e-03
3.400706523244446089e+01 1.061836163152202611e-01 1.567111189619890474e-03
3.416414216143994054e+01 1.054906904309037691e-01 1.597262993321696065e-03
3.432128746206081615e+01 1.048068172703965767e-01 1.530947610876856862e-03
3.447838432323504065e+01 1.041385958204049111e-01 1.545916302934276882e-03
3.463523917872642954e+01 1.035127591553017673e-01 1.552597625521425417e-03
3.479246603048247977e+01 1.028942724899470085e-01 1.605782241649936649e-03
3.494961128598676936e+01 1.022560405031947700e-01 1.521525077295195769e-03
3.510669708522954835e+01 1.017314925511169921e-01 1.503371965235142122e-03
3.526386948712173108e+01 1.011166972363045924e-01 1.490411778314763196e-03
3.542094583868663449e+01 1.006305453658918464e-01 1.544990353273559269e-03
3.557795442967842803e+01 1.000887985128102592e-01 1.502550229844019751e-03
3.573494502910600090e+01 9.955587206760013741e-02 1.475536530619915359e-03
3.589217304556967747e+01 9.905801059363326944e-02 1.503955171582330554e-03
3.604942804423248504e+01 9.852915104522094736e-02 1.508392240656068100e-03
3.620634169633331112e+01 9.811230133941183096e-02 1.490067052156977389e-03
3.636330872430431782e+01 9.762927709318056091e-02 1.454731304748316549e-03
3.652048297879699845e+01 9.726656673715482204e-02 1.437045082094783521e-03
3.667775911005065836e+01 9.682665961230219054e-02 1.456374212485109232e-03
3.683482272372405220e+01 9.650382639528624906e-02 1.400879612336398657e-03
3.699174913108997487e+01 9.614699356191731827e-02 1.360499152401673352e-03
3.714890361507108452e+01 9.579555448319082567e-02 1.410701234042463677e-03
3.730584026907787631e+01 9.552656526812056126e-02 1.414036934731000526e-03
3.746256175949950062e+01 9.522763199492892405e-02 1.374266458233162208e-03
3.761964380127956531e+01 9.489098569080120504e-02 1.367360021290281360e-03
3.777689979736440051e+01 9.462715106124151843e-02 1.450640738714109850e-03
3.793404087462905494e+01 9.447619648464555819e-02 1.384299293564203838e-03
3.809121427422826400e+01 9.423553357507195860e-02 1.428541213374657972e-03
3.824845089289730282e+01 9.403533384895661207e-02 1.377319881361643069e-03
3.840575442284730201e+01 9.386451976661033814e-02 1.413662652119788933e-03
3.856276796948470320e+01 9.371263005342153618e-02 1.381697072907663503e-03
3.871959907707450554e+01 9.357160827310705142e-02 1.366829963445133529e-03
3.887682674449128228e+01 9.351809965480344100e-02 1.373066461765363620e-03
3.903393312318084440e+01 9.341084041384144221e-02 1.365813801835711770e-03
3.919072802632852159e+01 9.335313744695224181e-02 1.357703806411345504e-03
3.934784243510956259e+01 9.334879850504045062e-02 1.383760443337321002e-03
3.950508863077185140e+01 9.332277638225879024e-02 1.372417301657721279e-03
3.966213483586344779e+01 9.336902373877224715e-02 1.381060838603030043e-03
3.981900035657513826e+01 9.340363185546624036e-02 1.376368324324717682e-03
3.997616090986677051e+01 9.349228550469940169e-02 1.362732586051431305e-03
4.013355341593697290e+01 9.365533039187340369e-02 1.357381857319757239e-03
4.029049420908874168e+01 9.345159412618120331e-02 1.362042130714985000e-03
4.044742920880969450e+01 9.298574878618487416e-02 1.358152961636904495e-03
4.060456771350117577e+01 9.248680308499825087e-02 1.376238073724398662e-03
4.076160199864906986e+01 9.206209598493163282e-02 1.347235214245341966e-03
4.091870617079209183e+01 9.157100752826194401e-02 1.373198959912771619e-03
4.107575345671157407e+01 9.111439540054197539e-02 1.350954155914706840e-03
4.123270201583072492e+01 9.068936004131206152e-02 1.330145117579973344e-03
4.138980621586031106e+01 9.020053069845269944e-02 1.373298461230637460e-03
4.154695689957926419e+01 8.981832222332403193e-02 1.334414709614900390e-03
4.170420599838194420e+01 8.932082032195466648e-02 1.348719774147462023e-03
4.186123902761131887e+01 8.893157163991723124e-02 1.373669785150741403e-03
4.201803464077677575e+01 8.858994025525680771e-02 1.384430848391669713e-03
4.217530385597030573e+01 8.816514324478758047e-02 1.341382159799797431e-03
4.233268701997334915e+01 8.778642802876801543e-02 1.317682994531186279e-03
4.248951607587162727e+01 8.738042119199257440e-02 1.377573585129765379e-03
4.264654483609960778e+01 8.705832032383201136e-02 1.336855960797464016e-03
4.280379310469830756e+01 8.668938654455886350e-02 1.372037277517154869e-03
4.296088465425426506e+01 8.631498224663261554e-02 1.359779922482549745e-03
4.311796117340112033e+01 8.596402720480200710e-02 1.363421009979959644e-03
4.327487296090120594e+01 8.565178811439479178e-02 1.383079337449213487e-03
4.343215900797665086e+01 8.531881033949866022e-02 1.360584996373943390e-03
4.358915756438649680e+01 8.499915600297881790e-02 1.380966570431260568e-03
4.374590019442506872e+01 8.464473274027967120e-02 1.360035603777989301e-03
4.390308196728489776e+01 8.437652840697923429e-02 1.360816525287708882e-03
4.406026540140641856e+01 8.405550382978707602e-02 1.349413026700908890e-03
4.421733947397627418e+01 8.381320279547059549e-02 1.375125887287411558e-03
4.437441870967763435e+01 8.347291385583828494e-02 1.375105094444944434e-03
4.453159054016027341e+01 8.321230463153606038e-02 1.345112663996605182e-03
4.468864369014499971e+01 8.297213902708672206e-02 1.374747345829159962e-03
4.484568230746856443e+01 8.265919818271658115e-02 1.371543389942841062e-03
4.500269304354133482e+01 8.244864857849569517e-02 1.374713470735680967e-03
4.515977284766967870e+01 8.220243636471703808e-02 1.397870054724242991e-03
4.531686285685834292e+01 8.189496329197672175e-02 1.394349061023801486e-03
4.547384088087638787e+01 8.174167799007646396e-02 1.436714846811288585e-03
4.563096257271651268e+01 8.155743955039955473e-02 1.410438705101690112e-03
4.578809215502025154e+01 8.125594176855206741e-02 1.431641992771445554e-03
4.594526022451645275e+01 8.106052911876991673e-02 1.364795971883423810e-03
4.610241065302696484e+01 8.089196217114512366e-02 1.406497072676388604e-03
4.625942303757445018e+01 8.070967575941295769e-02 1.418069714222478352e-03
4.641651864846570419e+01 8.049752753993293097e-02 1.450920501553466368e-03
4.657358995219062336e+01 8.033103648605111058e-02 1.427707334532102822e-03
4.673055122934910344e+01 8.018340350892634583e-02 1.412883140768491893e-03
4.688769533932448752e+01 7.999459756617545436e-02 1.432636743303354783e-03
4.704487487664587775e+01 7.981555418225962095e-02 1.428758287839250506e-03
4.720194532843748902e+01 7.975781729241343543e-02 1.472536684680029887e-03
4.735881112539362192e+01 7.958246650825069601e-02 1.480545848733196132e-03
4.751594922127566889e+01 7.945340975834698505e-02 1.433223893776170658e-03
4.767320843071468062e+01 7.935090477006954968e-02 1.449141884749788117e-03
4.783005539646318738e+01 7.921926769707419991e-02 1.426355900044883052e-03
4.798705586135240253e+01 7.920073131899886543e-02 1.467469231780823592e-03
4.814425264367952195e+01 7.903299308485460528e-02 1.474097821997051106e-03
4.830162275879657585e+01 7.902956051448828401e-02 1.499672117832477137e-03
4.845851778780102848e+01 7.892258474753145736e-02 1.529867195587102146e-03
4.861520715314837560e+01 7.887038878495065963e-02 1.535335842797343718e-03
4.877242153506116296e+01 7.883807889774073485e-02 1.516732670506435983e-03
4.892970299330707462e+01 7.878768041744393935e-02 1.480802661674720470e-03
4.908687730184542630e+01 7.881806687557284252e-02 1.505006192184461409e-03
4.924388320254833218e+01 7.878679891391512924e-02 1.537945728817302713e-03
4.940103443741363520e+01 7.881609247455015343e-02 1.578891951803335818e-03
4.955831508412312303e+01 7.883261782194309064e-02 1.574150747165643880e-03
4.971529298264005092e+01 7.885953257967255603e-02 1.583925562461265413e-03
4.987219821721060953e+01 7.887367847714385483e-02 1.640711721058795997e-03
5.002932603361167452e+01 7.897508488538559912e-02 1.620872268243791527e-03
5.018631556218895895e+01 7.901655754395960074e-02 1.655254541982616439e-03
5.034318046550159664e+01 7.901629555959108209e-02 1.657949866830322073e-03
5.050027700963133270e+01 7.920312628486254891e-02 1.640884669503301979e-03
5.065760132077017630e+01 7.927042611576234910e-02 1.674391921178424673e-03
5.081468395693172369e+01 7.932709062043556691e-02 1.696241579097004966e-03
5.097152509422535616e+01 7.945516289756010542e-02 1.760399314156944764e-03
5.112862248776254148e+01 7.954941251150288162e-02 1.720664305419823984e-03
5.128592090654180424e+01 7.974436205075931261e-02 1.708927442660458694e-03
5.144309555085856545e+01 7.985968611546537255e-02 1.751442616884923975e-03
5.160011158510122442e+01 8.001738440402368646e-02 1.760724912585450970e-03
5.175731960526265141e+01 8.024681641455087833e-02 1.796846903777846562e-03
5.191461796314855093e+01 8.039526437728029828e-02 1.733087106255278356e-03
5.207135607669539468e+01 8.065175258532970848e-02 1.776783158261219112e-03
5.222806478446842959e+01 8.070149347507284132e-02 1.848699112567653204e-03
5.238543254445986008e+01 8.104242582411073925e-02 1.807535826626631382e-03
5.254257611595600252e+01 8.132553771867792602e-02 1.822438645675512848e-03
5.269931833415011369e+01 8.158141034290199156e-02 1.866147527109232205e-03
5.285639491892390396e+01 8.179286845411487539e-02 1.857142100744983964e-03
5.301344724624242843e+01 8.202849957512919898e-02 1.887326253456817534e-03
5.317051876980443836e+01 8.246320172856953790e-02 1.903967509302182575e-03
5.332766755103651235e+01 8.257333619294424110e-02 1.960434640572304016e-03
5.348500298077735948e+01 8.291483586884136614e-02 1.993485947933954124e-03
5.364223496464932595e+01 8.323748936827858602e-02 1.935745665185256486e-03
5.379894742060574231e+01 8.343940961690404778e-02 2.002555865456912779e-03
5.395600833673379526e+01 8.390117805761530823e-02 2.122379880661036909e-03
5.411326202300976718e+01 8.407483174423252548e-02 2.097579420480721879e-03
5.427042920719081565e+01 8.456423503469392977e-02 2.195153569429841856e-03
5.442747824826232517e+01 8.488253847995175239e-02 2.271010987026151739e-03
5.458441850666565642e+01 8.502749170508464016e-02 2.191655843490028076e-03
5.474136316151507486e+01 8.564394930720296839e-02 2.204275739799694926e-03
5.489845354594736193e+01 8.557512938102707079e-02 2.286426968161742873e-03
5.505543071674868116e+01 8.632073074362318910e-02 2.244909730403108015e-03
5.521246252122121234e+01 8.614583109454569676e-02 2.268264992569612309e-03
5.536984311615618992e+01 8.667751396477245407e-02 2.311760468373697842e-03
5.552689545859513487e+01 8.675657387734878045e-02 2.330241244099435800e-03
5.568345304981696842e+01 8.690547461807232588e-02 2.436042860253537484e-03
5.584069806587591955e+01 8.731748378724052406e-02 2.457985575173945569e-03
5.599821974258232160e+01 8.714050783585280957e-02 2.421841456751670004e-03
5.615502105568013036e+01 8.755773021936462397e-02 2.442539827822859388e-03
5.631202680508972236e+01 8.727267479999563371e-02 2.508813174740007115e-03
5.646899832525830476e+01 8.722179670458155010e-02 2.473228226564247890e-03
5.662594416693222854e+01 8.709915713886109967e-02 2.438754337436341030e-03
5.678259778611094788e+01 8.668199382601012026e-02 2.430699248077844866e-03
5.693974320550065471e+01 8.634181749786534743e-02 2.354129117581797541e-03
5.709745763556057341e+01 8.597987887786201489e-02 2.401636966799458161e-03
5.725425030629697432e+01 8.592319458917303809e-02 2.357741849855210948e-03
5.741133935045357362e+01 8.601443950585613285e-02 2.379448663290561084e-03
5.756884321301916430e+01 8.567125842831498084e-02 2.465579218716568155e-03
5.772583149644106726e+01 8.587775600310836033e-02 2.456830646087045968e-03
5.788266851229413135e+01 8.610328449630288983e-02 2.518518592834435160e-03
5.803962257639496869e+01 8.599905328119078485e-02 2.646378431359147632e-03
5.819689621995856754e+01 8.608565189112182825e-02 2.625569303136753019e-03
5.835388594986143573e+01 8.624006271920857392e-02 2.698055514681945485e-03
5.851048421778040876e+01 8.644221704378703131e-02 2.707752253791051878e-03
5.866767751707434542e+01 8.659935877753152655e-02 2.796634846459678490e-03
5.882508228998036515e+01 8.661453286599420098e-02 2.778823509019500738e-03
5.898224736123371770e+01 8.696230242959078482e-02 2.721980004254549116e-03
5.913884692477888905e+01 8.733917726458846620e-02 2.767903190757855202e-03
5.929564464283270553e+01 8.735115599968519551e-02 2.811268187741003313e-03
5.945352258001084778e+01 8.776494302260236247e-02 2.820039231979420361e-03
5.961070231467085279e+01 8.819631953684792247e-02 2.826121948924055667e-03
5.976731456083252425e+01 8.846589744309525660e-02 2.982943134983738215e-03
5.992470345964100886e+01 8.875591544061556259e-02 2.913059514135851909e-03
6.008258871068673557e+01 8.908562220649716978e-02 2.926212388862461412e-03
6.023932684135217386e+01 8.958654021228840136e-02 2.945786024622122200e-03
6.039577003462449767e+01 8.997576377955769644e-02 3.006620794871106648e-03
6.055359641907271140e+01 9.040602601969427443e-02 3.016362237688788219e-03
6.071075143884250735e+01 9.102254114753305370e-02 3.109774767592359945e-03
6.086694421945293243e+01 9.152628921178231070e-02 2.913689434294599537e-03
6.102425531444302464e+01 9.203089251663647274e-02 3.084618766105108080e-03
6.118247453171182570e+01 9.239528622016184023e-02 3.191023627885845610e-03
6.133922796139895439e+01 9.322753545607984083e-02 3.139649519246698588e-03
6.149500095360918550e+01 9.397519511506625955e-02 3.228264323872109473e-03
6.165273087261874707e+01 9.445646934274154471e-02 3.250982537482142044e-03
6.181035768224073479e+01 9.492305906002158900e-02 3.369109768743568274e-03
6.196658879224211347e+01 9.606878103927696255e-02 3.527544151318285238e-03
6.212335790698150362e+01 9.673366406004578477e-02 3.539719512327995331e-03
6.228107077783446499e+01 9.732876374915681861e-02 3.690935320075646332e-03
6.243888440645920923e+01 9.827375344774470778e-02 3.628807415598635320e-03
6.259509475519177357e+01 9.927604261170394628e-02 3.609413556790955473e-03
6.275126133402213213e+01 9.993593333386505129e-02 3.742620903018871806e-03
6.290970383392785692e+01 1.010110576695475298e-01 3.934368933077528156e-03
6.306742373223402609e+01 1.018564791750866255e-01 4.018390610638938876e-03
6.322280294943617918e+01 1.029265752987640475e-01 4.128255525768879768e-03
6.337987377443261039e+01 1.035836016066756099e-01 4.035124422293728808e-03
6.353882537730356006e+01 1.049917833064297895e-01 4.345386324513656091e-03
6.369583997100188810e+01 1.064246458032459541e-01 4.745022779586494099e-03
6.385069315579813320e+01 1.072655797401046163e-01 4.405210957172151116e-03
6.400839299893164025e+01 1.085285752118098634e-01 4.741069215796285888e-03
6.416809543670143512e+01 1.097655862224856671e-01 4.728106358722981156e-03
6.432368783513420851e+01 1.113829897908890365e-01 4.680210664796033079e-03
6.447781313266034431e+01 1.127805462102547951e-01 4.873444133104923998e-03
6.463688740304701241e+01 1.140744296278050768e-01 5.123247075159699689e-03
6.479625487617632018e+01 1.155460194577955790e-01 4.997408340871350302e-03
6.495148303704421267e+01 1.172538369822708204e-01 5.071520250876773717e-03
6.510742899732220224e+01 1.190573576319342852e-01 5.377480576640611583e-03
6.526686243779083441e+01 1.208306571855464612e-01 5.394172239680882809e-03
6.542332085458025404e+01 1.226093340449591618e-01 5.234936203303320289e-03
6.557521362548898480e+01 1.251292546788497495e-01 5.424552367652868239e-03
6.573493827371439124e+01 1.265597731678816118e-01 5.758982992755326026e-03
6.589776439269822106e+01 1.288304556646492349e-01 5.627722875456926503e-03
6.605074465606993783e+01 1.309037874282184821e-01 5.897129800809817850e-03
6.620098780477589173e+01 1.326765548653228155e-01 5.906108693036432253e-03
6.636352405735766524e+01 1.351381403655275704e-01 5.981691622699743249e-03
6.652950706440147144e+01 1.376228602024696379e-01 5.914040293415501713e-03
6.667987868647104222e+01 1.397372414275583341e-01 6.341056977437704856e-03
6.682727252513147675e+01 1.422509324948936504e-01 6.904914605623682991e-03
6.699329411113721733e+01 1.442270058397842336e-01 6.735960967786182828e-03
6.716167327558071065e+01 1.482227523890344290e-01 6.935693603404799804e-03
6.730495891174597034e+01 1.515760764563831298e-01 6.919148795064136888e-03
6.744911693033651545e+01 1.546006969706617828e-01 8.322423662982612186e-03
6.762229848423206136e+01 1.577395967867384341e-01 8.388341278900085865e-03
6.779550657872420061e+01 1.607257996167775482e-01 8.394689679686179185e-03
6.792744758467283361e+01 1.636461780487280526e-01 8.224897989699254952e-03
6.806966116498493591e+01 1.674961184289084359e-01 1.002535388161941189e-02
6.824869617173445135e+01 1.728343361461471273e-01 9.820642044757741870e-03
6.842663219513711681e+01 1.766391726051469435e-01 1.312918268055402425e-02
6.856220509771767979e+01 1.842621861917711767e-01 1.298607497481929843e-02
6.869683295929898748e+01 1.832992758846364034e-01 1.298232401122235112e-02
6.887607845862255829e+01 1.907323284157548260e-01 1.433335081213489050e-02
6.905498360928540080e+01 1.941902728768655217e-01 1.530852088533189194e-02
6.919731970468525617e+01 1.994750272553007242e-01 1.973165861153744483e-02
6.932079956170674961e+01 2.078824408684412650e-01 2.930832699964553562e-02
6.949139529302948404e+01 1.980533252371069197e-01 4.941678106251013586e-02
6.964989558659395641e+01 1.821587961357387098e-01 1.701040150888134539e-01
