2.224910306174238406e-01 2.991306244753157557e+02 8.063187697283578359e+01
3.769780541266394280e-01 1.184670818022773773e+02 2.215498665914701704e+01
5.361975466142091529e-01 6.257594235987937026e+01 7.990512593589690127e+00
6.959151941223191695e-01 4.134892316305513305e+01 5.950561693500820759e+00
8.587749464508526165e-01 2.933229283873528459e+01 3.890614000616029688e+00
1.011971690356436415e+00 2.270103468761106669e+01 3.464436000905445123e+00
1.169179170893919872e+00 1.836996825522236776e+01 2.623008148705518128e+00
1.327056275441487854e+00 1.556192824200135050e+01 2.485635871356068893e+00
1.486340610235147519e+00 1.341722511230293335e+01 2.067159650622995226e+00
1.644056203647197956e+00 1.168340005329623921e+01 1.883674982658523733e+00
1.799158226674683947e+00 1.040271597878365739e+01 1.779261210682439698e+00
1.956965228922086908e+00 9.399687407327085964e+00 1.613181961743383797e+00
2.117599736458634752e+00 8.570876635142099076e+00 1.521114878433544204e+00
2.274213655131842593e+00 7.816858405956002898e+00 1.381607582588455507e+00
2.430197444207553126e+00 7.258126184605639963e+00 1.272096637770158800e+00
2.586907597398416137e+00 6.719612207000457360e+00 1.183235356676200389e+00
2.743941110636397784e+00 6.235405678417987652e+00 1.071652611705663061e+00
2.901357711950232954e+00 5.846897285582960180e+00 1.003297216484282162e+00
3.059174166343713086e+00 5.487416381592439940e+00 9.611484900253516317e-01
3.217043157725734570e+00 5.180682250851861070e+00 8.935976984263086509e-01
3.373752004160201601e+00 4.911999365196947132e+00 8.586907859328897219e-01
3.529873897105368918e+00 4.652633791953302733e+00 7.771105132125769588e-01
3.687833939368670766e+00 4.426757577104744712e+00 7.269496809646157631e-01
3.844662685630670929e+00 4.206735937107189294e+00 7.040873767585054122e-01
4.001643860127775731e+00 4.002326480342123460e+00 6.602615817458659109e-01
4.159977921717700866e+00 3.814690462903748358e+00 6.062043399130909727e-01
4.317989114441106224e+00 3.643991201931095603e+00 5.833814731575753809e-01
4.474413033442711018e+00 3.481334001266294553e+00 5.377280070645119592e-01
4.630884226619629729e+00 3.336890620792208217e+00 5.122729843372133551e-01
4.787016968352893365e+00 3.189841245544716930e+00 4.855705075915731084e-01
4.944724671628838664e+00 3.053317927672904997e+00 4.570826217111059186e-01
5.102344338619310804e+00 2.929231385152403000e+00 4.310111482719199416e-01
5.259848256524614740e+00 2.809443068149823919e+00 3.963226013429487216e-01
5.417274274555754054e+00 2.693906267853199310e+00 3.750460101848377414e-01
5.574250703040379840e+00 2.584128463202736814e+00 3.518566849570649024e-01
5.731550067715854624e+00 2.480540930012367529e+00 3.223224616795721253e-01
5.887853770917030438e+00 2.381682190109204456e+00 3.118456493403535257e-01
6.044776459544647373e+00 2.289635181222307025e+00 2.844777347812627588e-01
6.202141348599048420e+00 2.208401030447886715e+00 2.708635446283081949e-01
6.358730642182385928e+00 2.123498208680331345e+00 2.532695713387684289e-01
6.515835629712012356e+00 2.048240310163882416e+00 2.380729515730679868e-01
6.673143427242401060e+00 1.972507689439840339e+00 2.234260419660105135e-01
6.831058357852889174e+00 1.902643704748477438e+00 2.046161069520948950e-01
6.988824200211039894e+00 1.839001075345984670e+00 2.002076928349429685e-01
7.145915730786232878e+00 1.776458001882167181e+00 1.915935227087116888e-01
7.302190678485778186e+00 1.713945425840315506e+00 1.758662819527172516e-01
7.458624611099556212e+00 1.657177619891551545e+00 1.661474215946307509e-01
7.615956598517993115e+00 1.603217102849753717e+00 1.571341675434867191e-01
7.773197817507992546e+00 1.553173562885919790e+00 1.551819644163063561e-01
7.930420429045994979e+00 1.499955430579179794e+00 1.457788758589529943e-01
8.087968919861056705e+00 1.451047389567528656e+00 1.396376872396369317e-01
8.245420543875988884e+00 1.405855221147303880e+00 1.312137852477897604e-01
8.402941073642891112e+00 1.363320134177225862e+00 1.273090406930414142e-01
8.559250939273184144e+00 1.317840543557117661e+00 1.214283280452133629e-01
8.716195481665673483e+00 1.277877854187911666e+00 1.150436142018993885e-01
8.873529036028294570e+00 1.239620573582917551e+00 1.101336549342927656e-01
9.029792338552599773e+00 1.204618285321721549e+00 1.083548203040726188e-01
9.186917723908930355e+00 1.168259756247301828e+00 1.016345433258555864e-01
9.344119488193976863e+00 1.133516450439751688e+00 9.992013290177831353e-02
9.501635078687829861e+00 1.101307348004530562e+00 9.326510805056874298e-02
9.658849653149557568e+00 1.069253110957388175e+00 9.026894672208653214e-02
9.815350453411124221e+00 1.038604933842992351e+00 8.823752417337489551e-02
9.973161250804835731e+00 1.012255556621443509e+00 8.355516158044236363e-02
1.013018311144207040e+01 9.848773704353002145e-01 7.950829605747254669e-02
1.028729119392619218e+01 9.583268882646670539e-01 7.708614532809693332e-02
1.044453568029122792e+01 9.305773028403809821e-01 7.325546465594337531e-02
1.060100162181282712e+01 9.061269151434144797e-01 7.046212623823225329e-02
1.075856422567547988e+01 8.823529469193347463e-01 6.775521940989247260e-02
1.091589640063906330e+01 8.604446639016123388e-01 6.509537508562099339e-02
1.107249045805190768e+01 8.383164528141194838e-01 6.209441499353465094e-02
1.122908604632464780e+01 8.173320307723476175e-01 6.221153933564380761e-02
1.138603536563683072e+01 7.966385631122012700e-01 5.838343152657259755e-02
1.154408617575264451e+01 7.775633369734669120e-01 5.658297781325204862e-02
1.170161060505927608e+01 7.585883839778756466e-01 5.386217563883164555e-02
1.185871310691091374e+01 7.396455607825402900e-01 5.178631018765394306e-02
1.201589034203849948e+01 7.225947934781244975e-01 5.105609983259097595e-02
1.217254814597174217e+01 7.049104960820804511e-01 4.845844294124910384e-02
1.232924274899989037e+01 6.881080048110592706e-01 4.776378564717594088e-02
1.248626686786133888e+01 6.717176178829611377e-01 4.520790261334005355e-02
1.264289762833855235e+01 6.567684491241669864e-01 4.409928495566615286e-02
1.279980999067023717e+01 6.416025813823671431e-01 4.163506460710116736e-02
1.295781524442101507e+01 6.277480996670543600e-01 4.087716062291048974e-02
1.311522409507274922e+01 6.131624883817392568e-01 4.016023143001984375e-02
1.327189327120834150e+01 6.005081187063983084e-01 3.903975701862123088e-02
1.342893381986681511e+01 5.874173382672106536e-01 3.642712233377636694e-02
1.358644890945947914e+01 5.741123668292800186e-01 3.604502379186652616e-02
1.374357663098054338e+01 5.619913070457994708e-01 3.497532395810220435e-02
1.389984356875444504e+01 5.494102838292130864e-01 3.379555880041903299e-02
1.405713669152414269e+01 5.386377836256842633e-01 3.232097948150820105e-02
1.421502884306816483e+01 5.271275891122388924e-01 3.151095034063623040e-02
1.437201147355519737e+01 5.165424423042663804e-01 3.019996357678974772e-02
1.452887552585139908e+01 5.058497371594803393e-01 2.965916638407449513e-02
1.468598624165242050e+01 4.955507138286096569e-01 2.917957729864865957e-02
1.484294055074224872e+01 4.855867696668680900e-01 2.762374987134385770e-02
1.499992988698420504e+01 4.766230324952056008e-01 2.812637714995561491e-02
1.515669778781069255e+01 4.675076215254629908e-01 2.774169377569521075e-02
1.531367394111133606e+01 4.587756634285211077e-01 2.687949691971668401e-02
1.547119433260378685e+01 4.499496788500808031e-01 2.592229290838008599e-02
1.562827641859474781e+01 4.411876913447407844e-01 2.485580042558719824e-02
1.578506862595802573e+01 4.330839226746924231e-01 2.438935270687386803e-02
1.594250890683013822e+01 4.252476838710962936e-01 2.379581965623155798e-02
1.609964445828639157e+01 4.171651256382087891e-01 2.293143780989845282e-02
1.625671354291527848e+01 4.095853253545702621e-01 2.216701295819415579e-02
1.641396529424759620e+01 4.017331821479978027e-01 2.203108338888061860e-02
1.657092320589813284e+01 3.945492700855653956e-01 2.152927240461898623e-02
1.672796361240548535e+01 3.876683598869958280e-01 2.054776926028727135e-02
1.688517549643901461e+01 3.812346183984501313e-01 2.063838645208707426e-02
1.704208878648300995e+01 3.741265154366112955e-01 1.988620849242461394e-02
1.719898133465424550e+01 3.678711535344879602e-01 1.960570342936139576e-02
1.735586079259882908e+01 3.616836605871028287e-01 1.928512855910904586e-02
1.751293850608684366e+01 3.551597303828891161e-01 1.873503249512837449e-02
1.767031239152179367e+01 3.493166859788609524e-01 1.811005037779856233e-02
1.782754752418730249e+01 3.433669027259083628e-01 1.775572610977834559e-02
1.798479562792856612e+01 3.376761576567121614e-01 1.706292940185350979e-02
1.814208451899528285e+01 3.326126032871290494e-01 1.676617321245811240e-02
1.829913170677337320e+01 3.272436967839931765e-01 1.598671352610119695e-02
1.845626997621230814e+01 3.217626004008057317e-01 1.617177638128646650e-02
1.861316460528984251e+01 3.165918789862043892e-01 1.569231839756200786e-02
1.876967775485677947e+01 3.117743955952866908e-01 1.555485749452983207e-02
1.892689616329011315e+01 3.063084218932289882e-01 1.498503757768870556e-02
1.908410308400239330e+01 3.019947387271748607e-01 1.519704853770800432e-02
1.924115739965566618e+01 2.975635064161612497e-01 1.471031571964636492e-02
1.939848716293853315e+01 2.930252695059570311e-01 1.449532630176453285e-02
1.955582285497396455e+01 2.882529664605468223e-01 1.442354108528766908e-02
1.971328734130059956e+01 2.840068960060881387e-01 1.408263670733052482e-02
1.986974141744880384e+01 2.796045533333033073e-01 1.382504400463805891e-02
2.002622774148088425e+01 2.756117410820980718e-01 1.377268410399514788e-02
2.018341015431840191e+01 2.714225121337837110e-01 1.326577259775751916e-02
2.034057372093466398e+01 2.674684418036522016e-01 1.260535922813645418e-02
2.049788249740258905e+01 2.636137527849760631e-01 1.252655305041272885e-02
2.065488159098197229e+01 2.595285281966562274e-01 1.217667732447562726e-02
2.081224267520101279e+01 2.559239034307499439e-01 1.203384420408676152e-02
2.096989827302694565e+01 2.522253366635823224e-01 1.165394249521088839e-02
2.112658659925761029e+01 2.485295021561085005e-01 1.168916842049878835e-02
2.128320716890661757e+01 2.452104753327581932e-01 1.148854972369752966e-02
2.144049565975502247e+01 2.417617420731625888e-01 1.129786165808031873e-02
2.159764619265603613e+01 2.382708059288192459e-01 1.094210459614227207e-02
2.175459686371899437e+01 2.353152950994735204e-01 1.077380374574360769e-02
2.191160274018816878e+01 2.320916243503045040e-01 1.064436412591550363e-02
2.206875968349933714e+01 2.289048545986638039e-01 1.031510626648952933e-02
2.222583192098467109e+01 2.256577197668999668e-01 1.019877482308701941e-02
2.238271061778281634e+01 2.225527437748806292e-01 9.989347658098113314e-03
2.253989130416773889e+01 2.197368657469545017e-01 9.705353191624695175e-03
2.269708332023706987e+01 2.169048356112387721e-01 9.629011393114242368e-03
2.285436026579965940e+01 2.139270198299902948e-01 9.457073920447858426e-03
2.301157704429403594e+01 2.113375426824402326e-01 9.245287107729311185e-03
2.316858603816177720e+01 2.085878940127648962e-01 9.205086371695002379e-03
2.332581049338731916e+01 2.059150323749642519e-01 8.952129174655806820e-03
2.348316446393469548e+01 2.031760151647935275e-01 8.655134026760378727e-03
2.363993702599548996e+01 2.006481498963255949e-01 8.507787075993918785e-03
2.379665004636292736e+01 1.981526545606574208e-01 8.609462553018171205e-03
2.395353313882959512e+01 1.957579160137020713e-01 8.455089216436895150e-03
2.411087736277276505e+01 1.933478257681474632e-01 8.145851925881953531e-03
2.426838908392062066e+01 1.910225517803804673e-01 8.094607340508163523e-03
2.442520192112507260e+01 1.886061433096748730e-01 7.931058782817228953e-03
2.458205831340853464e+01 1.864808607991092215e-01 7.785969666977073621e-03
2.473892422991668383e+01 1.843051124099599480e-01 7.627736507418707290e-03
2.489614075480276867e+01 1.819563065783305622e-01 7.547926066304926768e-03
2.505340526859593098e+01 1.797970469569618868e-01 7.501372464950896435e-03
2.521012063337838427e+01 1.778354739358379566e-01 7.440723368564204979e-03
2.536735374590608671e+01 1.757200973786478271e-01 7.192663308547279921e-03
2.552481388593243139e+01 1.736441154055509140e-01 7.116352148010057603e-03
2.568184951093486035e+01 1.716472819232841562e-01 7.052990975629656357e-03
2.583897954740043090e+01 1.697643445255687389e-01 6.932364111388449567e-03
2.599618893481487447e+01 1.678108474923952209e-01 6.917514254938997471e-03
2.615317437358262609e+01 1.659275846572655089e-01 6.784546138064121573e-03
2.631008592027571424e+01 1.641636186437064049e-01 6.731743578864309019e-03
2.646701761629021732e+01 1.623534188270122636e-01 6.611776977680236880e-03
2.662410832664473048e+01 1.605998174501624409e-01 6.483968479417207866e-03
2.678141943602088659e+01 1.587142566095383622e-01 6.475105863500396283e-03
2.693860122002694979e+01 1.570769908513831858e-01 6.267425473401147355e-03
2.709562050470108829e+01 1.554262762006026477e-01 6.230868377692900043e-03
2.725270059857041716e+01 1.537339236976285606e-01 5.968592048321315693e-03
2.740974164891607856e+01 1.521569723044289835e-01 5.986539572094572159e-03
2.756702830147103711e+01 1.505160589958373651e-01 5.888400678620071826e-03
2.772407618987199740e+01 1.490763398390436700e-01 5.795364508887010553e-03
2.788063571159398180e+01 1.475736536113278485e-01 5.773427995459289030e-03
2.803755319036919502e+01 1.460368841038797716e-01 5.632939846885295400e-03
2.819481434561980038e+01 1.445514216962631160e-01 5.530614039886796660e-03
2.835223881670957269e+01 1.431392653421053873e-01 5.598603874392491311e-03
2.850910124126014722e+01 1.416987524362099404e-01 5.516613780803147037e-03
2.866597950802448835e+01 1.403374493860324312e-01 5.478856237054693414e-03
2.882356032479124863e+01 1.389536754388595030e-01 5.311784064561939946e-03
2.898072266877696634e+01 1.375165544320929578e-01 5.230046019169056447e-03
2.913771804718169989e+01 1.362909134426543156e-01 5.173758287487119703e-03
2.929482690640525533e+01 1.349407204432752638e-01 5.097043978295187801e-03
2.945218590924147151e+01 1.336445686538943745e-01 5.032640273228543640e-03
2.960919135628817145e+01 1.324518302782370094e-01 5.042464731189305258e-03
2.976586605748166647e+01 1.312271983017651300e-01 4.968445056089322576e-03
2.992280522086002037e+01 1.299892957204313582e-01 4.930232045816118798e-03
3.008003943385365275e+01 1.287190002897013741e-01 4.895593235412680835e-03
3.023717111104264532e+01 1.276680756894688906e-01 4.853789859363038042e-03
3.039409755187024942e+01 1.265503268773602030e-01 4.813481537891403823e-03
3.055124387927866536e+01 1.253007998107225629e-01 4.799428556549482396e-03
3.070851541553717468e+01 1.243059857816709440e-01 4.686242296147532030e-03
3.086582466442332162e+01 1.231834550372184756e-01 4.637271559656492258e-03
3.102255617942141086e+01 1.221792128732330229e-01 4.524229132591355701e-03
3.117937097861718598e+01 1.211766438716486982e-01 4.518430650620846624e-03
3.133663649833605547e+01 1.201118516891304111e-01 4.489491276492343745e-03
3.149374879730445898e+01 1.191320818935430181e-01 4.468107767858890862e-03
3.165080357818134615e+01 1.181059734051388838e-01 4.342358162109582857e-03
3.180790721180015979e+01 1.171097394870654063e-01 4.372937464108228763e-03
3.196510387646553397e+01 1.162552763135721173e-01 4.398869610081085173e-03
3.212216472333984285e+01 1.152911205363377489e-01 4.310564025548873149e-03
3.227938550166457787e+01 1.144147574040509929e-01 4.250095420997864783e-03
3.243664315934430675e+01 1.135028924015171053e-01 4.132782856526346152e-03
3.259354567529860702e+01 1.126493498200750315e-01 4.161738097801784796e-03
3.275043307306903984e+01 1.118458363757785512e-01 4.117862666481660570e-03
3.290753619157217003e+01 1.109864332426309247e-01 4.071454810856815244e-03
3.306466900908257855e+01 1.101812324299101670e-01 4.122932920154794532e-03
3.322163731132186371e+01 1.093599266030327866e-01 4.144672918546747631e-03
3.337862012386388955e+01 1.085680422086397340e-01 4.037872899581580743e-03
3.353601290680687441e+01 1.078019656701757478e-01 4.030725186482082140e-03
3.369327171042736069e+01 1.070614681095297671e-01 4.022833898165565324e-03
3.385003974987193942e+01 1.063854536935454342e-01 3.984287268377819519e-03
3.400706523244446089e+01 1.056763842870037523e-01 3.965267330487741958e-03
3.416414216143994054e+01 1.050041725914098306e-01 3.887756520547556039e-03
3.432128746206081615e+01 1.043602774566254054e-01 3.889505556230759501e-03
3.447838432323504065e+01 1.037448331435473908e-01 3.857202257664741219e-03
3.463523917872642954e+01 1.030420700516796323e-01 3.842906039582043905e-03
3.479246603048247977e+01 1.024392021885738996e-01 3.775056772638151967e-03
3.494961128598676936e+01 1.018841169473495428e-01 3.753377488522589150e-03
3.510669708522954835e+01 1.012844739987397574e-01 3.748077680471983281e-03
3.526386948712173108e+01 1.007371288813953963e-01 3.642523023871365329e-03
3.542094583868663449e+01 1.002117088421699831e-01 3.634169320909055867e-03
3.557795442967842803e+01 9.964879241486998551e-02 3.575931442858390225e-03
3.573494502910600090e+01 9.915468670201627033e-02 3.623218114936598965e-03
3.589217304556967747e+01 9.868545390515424953e-02 3.543171724218532274e-03
3.604942804423248504e+01 9.815691517421988588e-02 3.574751124133983618e-03
3.620634169633331112e+01 9.775925761575321449e-02 3.522612798654127259e-03
3.636330872430431782e+01 9.732108146529418191e-02 3.497339933257117769e-03
3.652048297879699845e+01 9.688665892252310008e-02 3.506935918357594918e-03
3.667775911005065836e+01 9.648780213061890210e-02 3.535156743141338632e-03
3.683482272372405220e+01 9.610820009190573776e-02 3.498059809302874693e-03
3.699174913108997487e+01 9.579858787057876635e-02 3.446236752320968634e-03
3.714890361507108452e+01 9.545636105503846336e-02 3.480671782945820008e-03
3.730584026907787631e+01 9.515512166576801933e-02 3.497980018141440099e-03
3.746256175949950062e+01 9.487779492643727552e-02 3.454023069192622628e-03
3.761964380127956531e+01 9.456383339161375523e-02 3.432953958163302479e-03
3.777689979736440051e+01 9.434833171217991976e-02 3.422447241085382896e-03
3.793404087462905494e+01 9.407295848829363982e-02 3.428628485652058903e-03
3.809121427422826400e+01 9.384190075820647570e-02 3.398024150704849998e-03
3.824845089289730282e+01 9.368701067920197356e-02 3.423837356266549135e-03
3.840575442284730201e+01 9.351651301038761688e-02 3.421456876619195439e-03
3.856276796948470320e+01 9.338765840784364614e-02 3.405250405260974375e-03
3.871959907707450554e+01 9.325632324310634269e-02 3.296786857383447993e-03
3.887682674449128228e+01 9.321921494113499795e-02 3.352527990953085325e-03
3.903393312318084440e+01 9.309406313278864586e-02 3.346201795716545642e-03
3.919072802632852159e+01 9.303065264334765827e-02 3.377348731207452295e-03
3.934784243510956259e+01 9.302167533318940473e-02 3.378642171316374558e-03
3.950508863077185140e+01 9.296269484924303550e-02 3.386272359924778416e-03
3.966213483586344779e+01 9.298822230526178345e-02 3.383346669763026473e-03
3.981900035657513826e+01 9.303830465560913865e-02 3.386998595801842763e-03
3.997616090986677051e+01 9.316163898706303348e-02 3.420242657600887359e-03
4.013355341593697290e+01 9.328911665010437837e-02 3.439007463187456707e-03
4.029049420908874168e+01 9.305902042153800513e-02 3.392478796348384357e-03
4.044742920880969450e+01 9.262944734684584736e-02 3.412802096680195903e-03
4.060456771350117577e+01 9.215635839758241910e-02 3.407471964950803314e-03
4.076160199864906986e+01 9.169325090973286241e-02 3.354114787215578368e-03
4.091870617079209183e+01 9.121537473979651756e-02 3.375215869748584337e-03
4.107575345671157407e+01 9.079347285627827058e-02 3.279759126877304382e-03
4.123270201583072492e+01 9.035116734672911376e-02 3.339727123074118838e-03
4.138980621586031106e+01 8.987289611693399793e-02 3.317008314447901073e-03
4.154695689957926419e+01 8.953308580158457486e-02 3.263622323986964738e-03
4.170420599838194420e+01 8.909170123505409655e-02 3.234437976302764490e-03
4.186123902761131887e+01 8.866976592210237818e-02 3.237248012654155363e-03
4.201803464077677575e+01 8.827996593090781108e-02 3.222545157760570069e-03
4.217530385597030573e+01 8.789501565299089048e-02 3.217209625448415669e-03
4.233268701997334915e+01 8.754032254978959260e-02 3.190475584915928101e-03
4.248951607587162727e+01 8.713234015423446110e-02 3.203186525546514087e-03
4.264654483609960778e+01 8.677374325802660049e-02 3.233355749999447786e-03
4.280379310469830756e+01 8.642909818641206221e-02 3.194452559212279750e-03
4.296088465425426506e+01 8.603840825134710657e-02 3.154204829626199632e-03
4.311796117340112033e+01 8.561679155071331981e-02 3.143724368068474221e-03
4.327487296090120594e+01 8.532079438650573555e-02 3.113667587020505639e-03
4.343215900797665086e+01 8.496600944603997785e-02 3.069517468462004336e-03
4.358915756438649680e+01 8.464100077355868335e-02 3.081892563418948787e-03
4.374590019442506872e+01 8.429365592006007879e-02 3.102225594477208033e-03
4.390308196728489776e+01 8.402665327789954341e-02 3.049325107259640705e-03
4.406026540140641856e+01 8.369000586552638454e-02 3.071001681784671540e-03
4.421733947397627418e+01 8.341335294918117427e-02 3.067843565705811841e-03
4.437441870967763435e+01 8.309811390599193548e-02 3.086707429414499351e-03
4.453159054016027341e+01 8.283055371888452256e-02 3.077081598407999542e-03
4.468864369014499971e+01 8.259769078300313594e-02 3.078750035267616408e-03
4.484568230746856443e+01 8.229260455956126374e-02 3.073199219271353661e-03
4.500269304354133482e+01 8.204792093367022088e-02 3.025004341221245244e-03
4.515977284766967870e+01 8.175003682023758433e-02 3.011445198525612797e-03
4.531686285685834292e+01 8.154981610910107259e-02 3.039492921956598280e-03
4.547384088087638787e+01 8.131171733976674809e-02 2.994097353275252185e-03
4.563096257271651268e+01 8.110419871075040532e-02 3.020334961385954305e-03
4.578809215502025154e+01 8.088173264789555450e-02 3.055438246879473626e-03
4.594526022451645275e+01 8.061245421934301603e-02 3.037795478599605511e-03
4.610241065302696484e+01 8.046492382951185574e-02 3.007458773566500532e-03
4.625942303757445018e+01 8.026225912868781287e-02 3.008348795467205659e-03
4.641651864846570419e+01 8.004806679398995817e-02 3.031206786452106394e-03
4.657358995219062336e+01 7.991027763505557935e-02 3.018264444651896136e-03
4.673055122934910344e+01 7.974846811865493601e-02 3.007067553342756584e-03
4.688769533932448752e+01 7.955279320958440203e-02 2.994528470927439612e-03
4.704487487664587775e+01 7.936832492034309738e-02 3.014912102859028387e-03
4.720194532843748902e+01 7.928627938920727869e-02 3.021520902215341694e-03
4.735881112539362192e+01 7.916082223790793515e-02 3.030276808137389623e-03
4.751594922127566889e+01 7.901825207974605414e-02 3.012181840434514576e-03
4.767320843071468062e+01 7.893764197546360162e-02 3.036778867352728662e-03
4.783005539646318738e+01 7.880209732249890409e-02 3.062412560261288785e-03
4.798705586135240253e+01 7.878864142954994376e-02 3.037097182318874294e-03
4.814425264367952195e+01 7.857484222965177567e-02 3.081139153408372477e-03
4.830162275879657585e+01 7.861860064931472381e-02 3.063900370207681828e-03
4.845851778780102848e+01 7.846117331372648440e-02 3.073192101391813112e-03
4.861520715314837560e+01 7.843667225118033937e-02 3.020205100559376563e-03
4.877242153506116296e+01 7.837891189321841146e-02 3.070491612796241981e-03
4.892970299330707462e+01 7.829921098985452577e-02 2.996743418859088102e-03
4.908687730184542630e+01 7.835127446198486556e-02 3.066779719309670801e-03
4.924388320254833218e+01 7.827626250763804194e-02 3.066169773269410408e-03
4.940103443741363520e+01 7.831303209541803922e-02 3.016020081343112700e-03
4.955831508412312303e+01 7.834539853029609535e-02 3.053281791172161776e-03
4.971529298264005092e+01 7.836283915200660533e-02 3.058527311609724689e-03
4.987219821721060953e+01 7.832586119925047385e-02 3.083859381753068386e-03
5.002932603361167452e+01 7.843468418229682104e-02 3.183690986576609341e-03
5.018631556218895895e+01 7.845945232661127866e-02 3.120626622569731921e-03
5.034318046550159664e+01 7.856407852605025444e-02 3.128436250726923662e-03
5.050027700963133270e+01 7.868729369005451890e-02 3.165850736153349217e-03
5.065760132077017630e+01 7.873589796478047687e-02 3.148816740123351957e-03
5.081468395693172369e+01 7.882285148265205654e-02 3.155068422202094922e-03
5.097152509422535616e+01 7.897732479455857324e-02 3.204074057442065759e-03
5.112862248776254148e+01 7.904211153727191963e-02 3.160850151967299626e-03
5.128592090654180424e+01 7.918367669310177881e-02 3.164316270940229370e-03
5.144309555085856545e+01 7.935789801371202767e-02 3.221649716977025533e-03
5.160011158510122442e+01 7.950425833527058339e-02 3.213669176181891286e-03
5.175731960526265141e+01 7.974001773935157633e-02 3.204122184174352204e-03
5.191461796314855093e+01 7.984672404319782812e-02 3.215975369981945078e-03
5.207135607669539468e+01 8.010838686207696901e-02 3.208905144765791979e-03
5.222806478446842959e+01 8.025843153785577888e-02 3.308128266433004588e-03
5.238543254445986008e+01 8.055861373459471952e-02 3.314840443698610292e-03
5.254257611595600252e+01 8.079146175800007434e-02 3.319734794792840449e-03
5.269931833415011369e+01 8.102134309925614064e-02 3.322625389347047282e-03
5.285639491892390396e+01 8.129097495180978572e-02 3.338594492557287342e-03
5.301344724624242843e+01 8.143141693195850295e-02 3.396508709548794192e-03
5.317051876980443836e+01 8.190903627967273393e-02 3.397538972132440813e-03
5.332766755103651235e+01 8.205075691878400967e-02 3.412771460755432713e-03
5.348500298077735948e+01 8.234827723686224954e-02 3.484307986775099855e-03
5.364223496464932595e+01 8.268874566549806737e-02 3.478562658215717321e-03
5.379894742060574231e+01 8.283396902396823747e-02 3.543133184826027706e-03
5.395600833673379526e+01 8.328182356019307730e-02 3.542303461054842860e-03
5.411326202300976718e+01 8.346596564092494119e-02 3.623699828017283835e-03
5.427042920719081565e+01 8.393795222403416245e-02 3.644595422403920908e-03
5.442747824826232517e+01 8.423205357494016610e-02 3.684092980547335958e-03
5.458441850666565642e+01 8.439832819530486419e-02 3.705934280414282644e-03
5.474136316151507486e+01 8.500903275126518721e-02 3.654885953676049234e-03
5.489845354594736193e+01 8.500250837386497116e-02 3.672817661587926032e-03
5.505543071674868116e+01 8.571525959699444197e-02 3.670091877937330365e-03
5.521246252122121234e+01 8.562073753014871891e-02 3.667722009151619129e-03
5.536984311615618992e+01 8.613017457414548494e-02 3.754073148815171256e-03
5.552689545859513487e+01 8.623802160556309770e-02 3.893845844688508320e-03
5.568345304981696842e+01 8.636825501058816024e-02 3.739088193531155298e-03
5.584069806587591955e+01 8.676623638067257338e-02 3.867292147225987083e-03
5.599821974258232160e+01 8.659559593317717185e-02 3.904922340572947789e-03
5.615502105568013036e+01 8.705269415085535589e-02 3.892870674638461079e-03
5.631202680508972236e+01 8.661562841062049600e-02 3.858864091467593526e-03
5.646899832525830476e+01 8.653948066284083973e-02 3.928770537703856966e-03
5.662594416693222854e+01 8.662828690890800321e-02 3.835793663909937978e-03
5.678259778611094788e+01 8.615300994067594254e-02 3.778049803803730511e-03
5.693974320550065471e+01 8.573475587417361821e-02 3.777317478179288354e-03
5.709745763556057341e+01 8.539597689909550482e-02 3.781043296533731588e-03
5.725425030629697432e+01 8.532122982211219619e-02 3.786372988221139123e-03
5.741133935045357362e+01 8.546172536892954197e-02 3.832848869142732422e-03
5.756884321301916430e+01 8.509631894567515342e-02 3.775682590375733366e-03
5.772583149644106726e+01 8.515195687254106804e-02 3.802403989194860778e-03
5.788266851229413135e+01 8.539258211649153330e-02 3.866341411200966208e-03
5.803962257639496869e+01 8.532914619233970821e-02 3.904303831883507419e-03
5.819689621995856754e+01 8.543803531562027542e-02 3.822648507393017897e-03
5.835388594986143573e+01 8.553822805390803863e-02 3.878641999119294189e-03
5.851048421778040876e+01 8.584124036538966218e-02 3.971079030040059604e-03
5.866767751707434542e+01 8.588180088119586053e-02 4.004050300164211512e-03
5.882508228998036515e+01 8.602186808873472923e-02 4.057363791782149856e-03
5.898224736123371770e+01 8.645996987991616534e-02 4.074848255934527749e-03
5.913884692477888905e+01 8.656563458938894284e-02 4.042223020920601359e-03
5.929564464283270553e+01 8.663258622147695931e-02 4.092242237101985890e-03
5.945352258001084778e+01 8.707647724706642223e-02 4.094704028940826523e-03
5.961070231467085279e+01 8.748868996367857587e-02 4.093075464895674746e-03
5.976731456083252425e+01 8.766381525747361791e-02 4.032758533536913437e-03
5.992470345964100886e+01 8.816204285699269505e-02 4.112399787606481859e-03
6.008258871068673557e+01 8.841816045313574679e-02 4.085111930342861554e-03
6.023932684135217386e+01 8.891654254313394179e-02 4.246786100675689797e-03
6.039577003462449767e+01 8.926162725851398416e-02 4.215773138271316188e-03
6.055359641907271140e+01 8.970852037157792114e-02 4.306572306109556804e-03
6.071075143884250735e+01 9.043588349299275242e-02 4.409915501043533415e-03
6.086694421945293243e+01 9.091705559840526640e-02 4.400869711614538958e-03
6.102425531444302464e+01 9.121482016182845542e-02 4.394730587391063210e-03
6.118247453171182570e+01 9.178867033473389614e-02 4.557381239860527379e-03
6.133922796139895439e+01 9.259421253578761779e-02 4.582993144451729707e-03
6.149500095360918550e+01 9.340806504827600665e-02 4.641547677607042732e-03
6.165273087261874707e+01 9.376523669271157047e-02 4.691062004178939496e-03
6.181035768224073479e+01 9.448484127450067216e-02 4.792036531694236767e-03
6.196658879224211347e+01 9.545515077017445449e-02 4.843903843749873019e-03
6.212335790698150362e+01 9.612063279902724466e-02 4.929802478300940143e-03
6.228107077783446499e+01 9.671875363594438502e-02 4.946730893886832486e-03
6.243888440645920923e+01 9.756975805740289442e-02 5.188808477445381456e-03
6.259509475519177357e+01 9.869508616775178600e-02 5.064212584712030757e-03
6.275126133402213213e+01 9.944004374689129067e-02 5.216965962419648807e-03
6.290970383392785692e+01 1.005249120601706403e-01 5.389125407121983513e-03
6.306742373223402609e+01 1.014448744795887758e-01 5.316137732730968207e-03
6.322280294943617918e+01 1.027500454850798633e-01 5.500855793560965011e-03
6.337987377443261039e+01 1.034154606847387803e-01 5.722875798228959157e-03
6.353882537730356006e+01 1.048090827740776887e-01 5.646170509495450004e-03
6.369583997100188810e+01 1.060042842672490049e-01 5.926776313121132241e-03
6.385069315579813320e+01 1.069266229804419349e-01 5.900953357248814313e-03
6.400839299893164025e+01 1.079578903449186222e-01 5.909834603598500269e-03
6.416809543670143512e+01 1.093543268855754341e-01 6.207201834229992242e-03
6.432368783513420851e+01 1.107362179257014717e-01 6.044804406822158402e-03
6.447781313266034431e+01 1.121376906182531968e-01 6.228470831711158985e-03
6.463688740304701241e+01 1.136614865855278267e-01 6.383966778428058590e-03
6.479625487617632018e+01 1.153157134943592343e-01 6.493072376593926956e-03
6.495148303704421267e+01 1.170290908315449463e-01 6.839611227691783611e-03
6.510742899732220224e+01 1.185231615830591445e-01 6.461199433926536131e-03
6.526686243779083441e+01 1.204294344523737653e-01 6.937395339418885205e-03
6.542332085458025404e+01 1.221769517948998462e-01 6.970831574389851903e-03
6.557521362548898480e+01 1.246978683262413984e-01 7.553628219981285523e-03
6.573493827371439124e+01 1.259312992981825308e-01 7.554546913859579681e-03
6.589776439269822106e+01 1.279012222970021817e-01 7.891989348962560533e-03
6.605074465606993783e+01 1.304717947113966103e-01 7.648121614724556760e-03
6.620098780477589173e+01 1.325030105643264788e-01 8.592815883242234734e-03
6.636352405735766524e+01 1.345929774246385491e-01 8.487733462369483756e-03
6.652950706440147144e+01 1.375357024918619220e-01 8.332319283453707912e-03
6.667987868647104222e+01 1.402866654694914228e-01 9.122528455140206313e-03
6.682727252513147675e+01 1.422162797431116010e-01 9.123800262969706393e-03
6.699329411113721733e+01 1.449538993878944915e-01 9.751118034756740480e-03
6.716167327558071065e+01 1.482994978602663605e-01 9.773664421782915501e-03
6.730495891174597034e+01 1.516029249496666786e-01 9.805760771906313344e-03
6.744911693033651545e+01 1.547234582426689486e-01 9.806711496733427902e-03
6.762229848423206136e+01 1.585202407865491936e-01 9.990111506549619394e-03
6.779550657872420061e+01 1.621244468385044935e-01 1.028938495190247215e-02
6.792744758467283361e+01 1.651899506114159755e-01 1.289201071591629215e-02
6.806966116498493591e+01 1.680046352921743258e-01 1.197255592114225727e-02
6.824869617173445135e+01 1.719312715726697971e-01 1.209373766726362133e-02
6.842663219513711681e+01 1.770864019552290669e-01 1.362427785036195854e-02
6.856220509771767979e+01 1.806868380160022713e-01 1.418979722889915362e-02
6.869683295929898748e+01 1.829992880986347770e-01 1.597142399429115137e-02
6.887607845862255829e+01 1.922618601783821213e-01 1.876388602644260550e-02
6.905498360928540080e+01 1.971279498715874101e-01 2.344286697166695840e-02
6.919731970468525617e+01 1.999593486820110400e-01 3.071783737449789928e-02
6.932079956170674961e+01 2.041778488196127617e-01 4.254875855662260814e-02
6.949139529302948404e+01 2.123471452629510647e-01 9.235136436176631658e-02
6.964989558659395641e+01 1.859272369829051419e-01 2.288772037006655269e-01
