2.224910306174238406e-01 1.138997603243341530e+02 6.163208359447861495e-01
3.769780541266394280e-01 4.074306180989861303e+01 8.301476745031622917e-01
5.361975466142091529e-01 2.044231211394331993e+01 4.724861351357328987e-01
6.959151941223191695e-01 1.243617859542544402e+01 3.998908723860299386e-01
8.587749464508526165e-01 8.226361243026444114e+00 3.439921330924769483e-01
1.011971690356436415e+00 6.018931990447884850e+00 2.365104695278785751e-01
1.169179170893919872e+00 4.627659009016206859e+00 2.063810468871165316e-01
1.327056275441487854e+00 3.629899387586175585e+00 1.570102449391993504e-01
1.486340610235147519e+00 2.971808448495278476e+00 1.028599817887520529e-01
1.644056203647197956e+00 2.475396698508378179e+00 9.989618322065457745e-02
1.799158226674683947e+00 2.109316729420930958e+00 7.746429905131334281e-02
1.956965228922086908e+00 1.823225274266913054e+00 6.600810122550571091e-02
2.117599736458634752e+00 1.598388932776193982e+00 4.755113341487438722e-02
2.274213655131842593e+00 1.402485459463052919e+00 4.436005285999322645e-02
2.430197444207553126e+00 1.262833234342974897e+00 4.594655406515298079e-02
2.586907597398416137e+00 1.131523876839559462e+00 4.364186578563648139e-02
2.743941110636397784e+00 1.036710782913912610e+00 3.417990899712339270e-02
2.901357711950232954e+00 9.496601455028392813e-01 3.413470761460724728e-02
3.059174166343713086e+00 8.790407886723966557e-01 2.904446120656537650e-02
3.217043157725734570e+00 8.089213873223058959e-01 3.133592967776950566e-02
3.373752004160201601e+00 7.533474438301813736e-01 2.833800909718839009e-02
3.529873897105368918e+00 7.043004590696624323e-01 2.973078923436706794e-02
3.687833939368670766e+00 6.597130057858271446e-01 2.620889766506325977e-02
3.844662685630670929e+00 6.194874891550654628e-01 2.374929455259180977e-02
4.001643860127775731e+00 5.834561475448013512e-01 2.427666126251041070e-02
4.159977921717700866e+00 5.555693224835231980e-01 2.334397846428461903e-02
4.317989114441106224e+00 5.257271553262889974e-01 2.096981369793573038e-02
4.474413033442711018e+00 5.001677406601900966e-01 2.033107751465632052e-02
4.630884226619629729e+00 4.776529057117127608e-01 1.970073425606772358e-02
4.787016968352893365e+00 4.549451476799329930e-01 1.878748827066128654e-02
4.944724671628838664e+00 4.370138503258316209e-01 1.864512300918524587e-02
5.102344338619310804e+00 4.192005635440622657e-01 1.749983051708419585e-02
5.259848256524614740e+00 4.009778771312814682e-01 1.669180766335744484e-02
5.417274274555754054e+00 3.862856491099005973e-01 1.547797589293762634e-02
5.574250703040379840e+00 3.710706447401069807e-01 1.515266668575434954e-02
5.731550067715854624e+00 3.566804181469103163e-01 1.389997370369816521e-02
5.887853770917030438e+00 3.433476219054225065e-01 1.452407653982543470e-02
6.044776459544647373e+00 3.313394441298312398e-01 1.316769965302207190e-02
6.202141348599048420e+00 3.202908468495776484e-01 1.307646554571044450e-02
6.358730642182385928e+00 3.101748807685008602e-01 1.255561201394667266e-02
6.515835629712012356e+00 3.001245615679891676e-01 1.225449645154745582e-02
6.673143427242401060e+00 2.918430777164444656e-01 1.244668859467666124e-02
6.831058357852889174e+00 2.826446208399805982e-01 1.135037939623958526e-02
6.988824200211039894e+00 2.740711563770000248e-01 1.093009531549967578e-02
7.145915730786232878e+00 2.660605474807565263e-01 1.072994659508518141e-02
7.302190678485778186e+00 2.587859469729964501e-01 1.005629721588070964e-02
7.458624611099556212e+00 2.515172140095041642e-01 9.711824727058584322e-03
7.615956598517993115e+00 2.447417386437354681e-01 9.176140011193380588e-03
7.773197817507992546e+00 2.383914680149789023e-01 9.435900164743786858e-03
7.930420429045994979e+00 2.316838523549109852e-01 8.604477493245559980e-03
8.087968919861056705e+00 2.257235644480063974e-01 8.398220862004144791e-03
8.245420543875988884e+00 2.203146051490980362e-01 8.273185772671144689e-03
8.402941073642891112e+00 2.149085375404135301e-01 7.861457716344551899e-03
8.559250939273184144e+00 2.095626344374633410e-01 7.782167507581887536e-03
8.716195481665673483e+00 2.042807412785576926e-01 7.269104354428240419e-03
8.873529036028294570e+00 1.991548595894744034e-01 6.979981408917498506e-03
9.029792338552599773e+00 1.946255180822237252e-01 7.315926813785364122e-03
9.186917723908930355e+00 1.902682610601497126e-01 6.497282764743139531e-03
9.344119488193976863e+00 1.859163334647053467e-01 6.350856405672226056e-03
9.501635078687829861e+00 1.814574846575771339e-01 5.859860257044962294e-03
9.658849653149557568e+00 1.777016353155597694e-01 5.563266726237681842e-03
9.815350453411124221e+00 1.741964220780346240e-01 5.832049185158861074e-03
9.973161250804835731e+00 1.703565269268435545e-01 5.618994140744995938e-03
1.013018311144207040e+01 1.667284952205992932e-01 5.337719533171770940e-03
1.028729119392619218e+01 1.633115022488298984e-01 5.046139281779488464e-03
1.044453568029122792e+01 1.602633755266670568e-01 5.229725318085020301e-03
1.060100162181282712e+01 1.568588686301790325e-01 4.762399172806974085e-03
1.075856422567547988e+01 1.537137545655563875e-01 4.749904091554650251e-03
1.091589640063906330e+01 1.507250786266045861e-01 4.384220095620355688e-03
1.107249045805190768e+01 1.477805326413098030e-01 4.372203334477768252e-03
1.122908604632464780e+01 1.449879014687313616e-01 3.964357631690612963e-03
1.138603536563683072e+01 1.421002775601016566e-01 4.329125409103608269e-03
1.154408617575264451e+01 1.391689576208283707e-01 3.792526899640256011e-03
1.170161060505927608e+01 1.367768535426029664e-01 3.560351363378644243e-03
1.185871310691091374e+01 1.340800448877164652e-01 3.436716759939853916e-03
1.201589034203849948e+01 1.315864616708707080e-01 3.275880354278019792e-03
1.217254814597174217e+01 1.289708281365909426e-01 3.320255310477929211e-03
1.232924274899989037e+01 1.268600894389624034e-01 2.981300442480750920e-03
1.248626686786133888e+01 1.246100796294213192e-01 3.026376385804611241e-03
1.264289762833855235e+01 1.224025885101557576e-01 3.111299579655511620e-03
1.279980999067023717e+01 1.202352180428957057e-01 2.787714938272979007e-03
1.295781524442101507e+01 1.180331885257270841e-01 2.648782845774854365e-03
1.311522409507274922e+01 1.158638439030677536e-01 2.767853032626432178e-03
1.327189327120834150e+01 1.139397842857789445e-01 2.553204621202857707e-03
1.342893381986681511e+01 1.120947521293178678e-01 2.532811584072715370e-03
1.358644890945947914e+01 1.101232280799924607e-01 2.321212441585365511e-03
1.374357663098054338e+01 1.083384158676064524e-01 2.350552210776901251e-03
1.389984356875444504e+01 1.065106432747705556e-01 2.411832145125226545e-03
1.405713669152414269e+01 1.047712478315183660e-01 2.136006114675473733e-03
1.421502884306816483e+01 1.030775773275804802e-01 2.158624022888198761e-03
1.437201147355519737e+01 1.014652881539564455e-01 2.032091673778829797e-03
1.452887552585139908e+01 9.972526404978608594e-02 2.058936273399813131e-03
1.468598624165242050e+01 9.814579592882846648e-02 2.025265282906900215e-03
1.484294055074224872e+01 9.673841087014217743e-02 1.923703201653581118e-03
1.499992988698420504e+01 9.518946295741080588e-02 1.849043366300570906e-03
1.515669778781069255e+01 9.355555998023250275e-02 1.773704864722373646e-03
1.531367394111133606e+01 9.222213798538098084e-02 1.793725655482285124e-03
1.547119433260378685e+01 9.058038099219478667e-02 1.770882123929421511e-03
1.562827641859474781e+01 8.925997203565558258e-02 1.687672175898717770e-03
1.578506862595802573e+01 8.790372212805910856e-02 1.725333205580058737e-03
1.594250890683013822e+01 8.658476658498644174e-02 1.694069876274447188e-03
1.609964445828639157e+01 8.543516114950668039e-02 1.530516900292896868e-03
1.625671354291527848e+01 8.399048486768735666e-02 1.494561849124642931e-03
1.641396529424759620e+01 8.275701373155541773e-02 1.555571424919282219e-03
1.657092320589813284e+01 8.149187774086431857e-02 1.397607706562011302e-03
1.672796361240548535e+01 8.041131526095664228e-02 1.453399943670202711e-03
1.688517549643901461e+01 7.928485510522888247e-02 1.454507708507710249e-03
1.704208878648300995e+01 7.810254720074891188e-02 1.342975329748640661e-03
1.719898133465424550e+01 7.698580698713543280e-02 1.284873671356862859e-03
1.735586079259882908e+01 7.594550661221168009e-02 1.275689356845947746e-03
1.751293850608684366e+01 7.490381849809928105e-02 1.223917505699403507e-03
1.767031239152179367e+01 7.384064534539788727e-02 1.190469862945039417e-03
1.782754752418730249e+01 7.281858927571251139e-02 1.178545806372152454e-03
1.798479562792856612e+01 7.183952558822991052e-02 1.151394323693403707e-03
1.814208451899528285e+01 7.088404803942684185e-02 1.161645031459080995e-03
1.829913170677337320e+01 6.982971570494794777e-02 1.064166034989814068e-03
1.845626997621230814e+01 6.898425795719920206e-02 1.074335095143993859e-03
1.861316460528984251e+01 6.793313937927571156e-02 1.044775720931243913e-03
1.876967775485677947e+01 6.710481400891894765e-02 1.032836835923764754e-03
1.892689616329011315e+01 6.614026973928507913e-02 1.027920870134175742e-03
1.908410308400239330e+01 6.534338887357700465e-02 1.003341302632525201e-03
1.924115739965566618e+01 6.452501005598994255e-02 1.007297533068296849e-03
1.939848716293853315e+01 6.359841962811323135e-02 9.157457079127512408e-04
1.955582285497396455e+01 6.281505514805219015e-02 8.717691408471088185e-04
1.971328734130059956e+01 6.196613345986617255e-02 8.975445650844394302e-04
1.986974141744880384e+01 6.118413315753856024e-02 8.912711381432430590e-04
2.002622774148088425e+01 6.042072828114870148e-02 8.973506900264408177e-04
2.018341015431840191e+01 5.971655727818878795e-02 8.660452342580939001e-04
2.034057372093466398e+01 5.894788562864784059e-02 8.616032106490529533e-04
2.049788249740258905e+01 5.815806492158763497e-02 8.494229301126510288e-04
2.065488159098197229e+01 5.744534735871042325e-02 8.266063319599978136e-04
2.081224267520101279e+01 5.676893328078295997e-02 7.758202681286930583e-04
2.096989827302694565e+01 5.605037611584534618e-02 7.768796678146648550e-04
2.112658659925761029e+01 5.543219665395111850e-02 7.828590968560960673e-04
2.128320716890661757e+01 5.474579770599238837e-02 7.982135391128016922e-04
2.144049565975502247e+01 5.408205523819529376e-02 7.710918114704327399e-04
2.159764619265603613e+01 5.341569102488964715e-02 7.886942196436449006e-04
2.175459686371899437e+01 5.276069909128480034e-02 7.449102503427689707e-04
2.191160274018816878e+01 5.219561602970371889e-02 7.211664368633063536e-04
2.206875968349933714e+01 5.156196496914535604e-02 7.074128591767093067e-04
2.222583192098467109e+01 5.095339405356497792e-02 7.131180267219012743e-04
2.238271061778281634e+01 5.034656359925462898e-02 6.996417651805898752e-04
2.253989130416773889e+01 4.980755118448424584e-02 6.741536416582523915e-04
2.269708332023706987e+01 4.921153816309942891e-02 6.788019027449651880e-04
2.285436026579965940e+01 4.867047726319796014e-02 6.519896530713213678e-04
2.301157704429403594e+01 4.807460974410142363e-02 6.710787754098622698e-04
2.316858603816177720e+01 4.757857786325039862e-02 5.855636051384023773e-04
2.332581049338731916e+01 4.701058507713778284e-02 6.300151223994185541e-04
2.348316446393469548e+01 4.651191286950572684e-02 6.095171847406939463e-04
2.363993702599548996e+01 4.596969618719137785e-02 6.018914095855026816e-04
2.379665004636292736e+01 4.545729964574463794e-02 5.754134496693767004e-04
2.395353313882959512e+01 4.499235963548665201e-02 5.639336533742224248e-04
2.411087736277276505e+01 4.454791498702413005e-02 5.720826442734971984e-04
2.426838908392062066e+01 4.401238456208249328e-02 5.708695753939821340e-04
2.442520192112507260e+01 4.355792496253219764e-02 5.178990252609126611e-04
2.458205831340853464e+01 4.307803045788330398e-02 5.452476595253309471e-04
2.473892422991668383e+01 4.261875232621537696e-02 5.230192842281708400e-04
2.489614075480276867e+01 4.219075278379541549e-02 5.067141420741294935e-04
2.505340526859593098e+01 4.174200751646570118e-02 5.262928609589161751e-04
2.521012063337838427e+01 4.128771518915429900e-02 5.031104232672406733e-04
2.536735374590608671e+01 4.087890006796447706e-02 4.695666467153417978e-04
2.552481388593243139e+01 4.050117175090637428e-02 4.947248207192355080e-04
2.568184951093486035e+01 4.004806388659834515e-02 4.674472742575662139e-04
2.583897954740043090e+01 3.964318623048770918e-02 4.877255761615423009e-04
2.599618893481487447e+01 3.922182631633089334e-02 4.658863415493598578e-04
2.615317437358262609e+01 3.885352810941526680e-02 4.762697122427786748e-04
2.631008592027571424e+01 3.845770559446121811e-02 4.698526398876263252e-04
2.646701761629021732e+01 3.808700764053905147e-02 4.653488602353826869e-04
2.662410832664473048e+01 3.769344044100753771e-02 4.429381400170688283e-04
2.678141943602088659e+01 3.732782980069373341e-02 4.446932494640588049e-04
2.693860122002694979e+01 3.695910023373986941e-02 4.427392636676008185e-04
2.709562050470108829e+01 3.663023833547165292e-02 4.130365763511971628e-04
2.725270059857041716e+01 3.626801187688456080e-02 4.075871448331946445e-04
2.740974164891607856e+01 3.593127390168047303e-02 3.929530562118102479e-04
2.756702830147103711e+01 3.556771733859986906e-02 3.964517403032876688e-04
2.772407618987199740e+01 3.526169298789956497e-02 4.101406992282085099e-04
2.788063571159398180e+01 3.492590910182493541e-02 4.171594888087284199e-04
2.803755319036919502e+01 3.461682574048909750e-02 4.152080145175938053e-04
2.819481434561980038e+01 3.429613192705566194e-02 4.162826935484025426e-04
2.835223881670957269e+01 3.399871134240488313e-02 3.889858079895972703e-04
2.850910124126014722e+01 3.367590704138476859e-02 4.024277198997978835e-04
2.866597950802448835e+01 3.338231926774511832e-02 3.854601465116663643e-04
2.882356032479124863e+01 3.310508459353540822e-02 3.899345537579817274e-04
2.898072266877696634e+01 3.279474667534287152e-02 3.888586854424888020e-04
2.913771804718169989e+01 3.250886396949243667e-02 3.699687917211368711e-04
2.929482690640525533e+01 3.224220327606601433e-02 3.678254897554957166e-04
2.945218590924147151e+01 3.196907727810983230e-02 3.630941048289876164e-04
2.960919135628817145e+01 3.170814016430028442e-02 3.517036247630345776e-04
2.976586605748166647e+01 3.143016770157893575e-02 3.555409812132121904e-04
2.992280522086002037e+01 3.117247737282414013e-02 3.465823039822861300e-04
3.008003943385365275e+01 3.092654110955108185e-02 3.504029532833690015e-04
3.023717111104264532e+01 3.066606690107986921e-02 3.597880911349252272e-04
3.039409755187024942e+01 3.041455868967306297e-02 3.487237653660990046e-04
3.055124387927866536e+01 3.017681388797391340e-02 3.353475024388956642e-04
3.070851541553717468e+01 2.992922849215908648e-02 3.428923156123971886e-04
3.086582466442332162e+01 2.969367074610217497e-02 3.250720722007765335e-04
3.102255617942141086e+01 2.947516663278775331e-02 3.191309760760615991e-04
3.117937097861718598e+01 2.923843360780875242e-02 3.214347842378120052e-04
3.133663649833605547e+01 2.903640466527266858e-02 3.085482887797699682e-04
3.149374879730445898e+01 2.879807091577639422e-02 3.065709729004927400e-04
3.165080357818134615e+01 2.859745398826326473e-02 2.792973592448536112e-04
3.180790721180015979e+01 2.837259954890821931e-02 3.005444422635998483e-04
3.196510387646553397e+01 2.817920445705077159e-02 3.038996996889838337e-04
3.212216472333984285e+01 2.797037392633001940e-02 2.957610854566119639e-04
3.227938550166457787e+01 2.779133603449995132e-02 2.896815616380957518e-04
3.243664315934430675e+01 2.759973614913088444e-02 2.981849232916278345e-04
3.259354567529860702e+01 2.740975464892440178e-02 2.910901918922911532e-04
3.275043307306903984e+01 2.723034862263881695e-02 2.988508203631413235e-04
3.290753619157217003e+01 2.703030767612871546e-02 2.827578373498605821e-04
3.306466900908257855e+01 2.687930696253634094e-02 2.876768829570478100e-04
3.322163731132186371e+01 2.669300996601697493e-02 2.827065722541007410e-04
3.337862012386388955e+01 2.652519974631630320e-02 2.867469248089049615e-04
3.353601290680687441e+01 2.636572932526074289e-02 2.948396905865555248e-04
3.369327171042736069e+01 2.619862944100116720e-02 2.884938342622358088e-04
3.385003974987193942e+01 2.605016469075375346e-02 2.868976108176572379e-04
3.400706523244446089e+01 2.589789981740605804e-02 2.822767386252394550e-04
3.416414216143994054e+01 2.573972289715143261e-02 2.778423507828270346e-04
3.432128746206081615e+01 2.559443325510642187e-02 2.766289780699728398e-04
3.447838432323504065e+01 2.544979346318443011e-02 2.815446929779278078e-04
3.463523917872642954e+01 2.532164345953805476e-02 2.785558572795472014e-04
3.479246603048247977e+01 2.518896972375501281e-02 2.633420940795125321e-04
3.494961128598676936e+01 2.505596615273910158e-02 2.711652345919325462e-04
3.510669708522954835e+01 2.493424766731251740e-02 2.804069295520360641e-04
3.526386948712173108e+01 2.481545004008354344e-02 2.821212691898245428e-04
3.542094583868663449e+01 2.470099491660020935e-02 2.800734649919679308e-04
3.557795442967842803e+01 2.458417950048559161e-02 2.713828446940634727e-04
3.573494502910600090e+01 2.448454741972880266e-02 2.792555741811768430e-04
3.589217304556967747e+01 2.438170303333752134e-02 2.690436658379406700e-04
3.604942804423248504e+01 2.428500689560950804e-02 2.740054375674065871e-04
3.620634169633331112e+01 2.418847100732827993e-02 2.708348831564552097e-04
3.636330872430431782e+01 2.407550726573692845e-02 2.702074910539038755e-04
3.652048297879699845e+01 2.399615993184483001e-02 2.614837114641106785e-04
3.667775911005065836e+01 2.391744734439853887e-02 2.733333682383072582e-04
3.683482272372405220e+01 2.384516571485346959e-02 2.624785824568842815e-04
3.699174913108997487e+01 2.377011539374288343e-02 2.697835859484652059e-04
3.714890361507108452e+01 2.370816020914672320e-02 2.533478366775211688e-04
3.730584026907787631e+01 2.364074017315932405e-02 2.562772767398775547e-04
3.746256175949950062e+01 2.359637181163003888e-02 2.600103778264013224e-04
3.761964380127956531e+01 2.352417421437300732e-02 2.597112763741138419e-04
3.777689979736440051e+01 2.348146479019060789e-02 2.621423919804565417e-04
3.793404087462905494e+01 2.344640205411148079e-02 2.639548156693478204e-04
3.809121427422826400e+01 2.340008012795239539e-02 2.715429499401769719e-04
3.824845089289730282e+01 2.337508745476917990e-02 2.534220394468317608e-04
3.840575442284730201e+01 2.333303753198285105e-02 2.550532473599674012e-04
3.856276796948470320e+01 2.331664885202023793e-02 2.717527828935865442e-04
3.871959907707450554e+01 2.329182099573554737e-02 2.550791189189966271e-04
3.887682674449128228e+01 2.328525415425989134e-02 2.659033534780630686e-04
3.903393312318084440e+01 2.327836680807769329e-02 2.609124842689264172e-04
3.919072802632852159e+01 2.327061248920602940e-02 2.704439071990478029e-04
3.934784243510956259e+01 2.328617710425898157e-02 2.702770527766280395e-04
3.950508863077185140e+01 2.329135690280294615e-02 2.685130670363802536e-04
3.966213483586344779e+01 2.332190406411878067e-02 2.798035950801414313e-04
3.981900035657513826e+01 2.334305063225400670e-02 2.757778906638938196e-04
3.997616090986677051e+01 2.336591161763022437e-02 2.652341904379250750e-04
4.013355341593697290e+01 2.341749621317986557e-02 2.610347392114612431e-04
4.029049420908874168e+01 2.337851861885949928e-02 2.710759274597942560e-04
4.044742920880969450e+01 2.326728084717762796e-02 2.606942532616849609e-04
4.060456771350117577e+01 2.313780656043819967e-02 2.711328860645992886e-04
4.076160199864906986e+01 2.303194978678216320e-02 2.740677861117075931e-04
4.091870617079209183e+01 2.292252495808128412e-02 2.641812784762956768e-04
4.107575345671157407e+01 2.280837096838154304e-02 2.600372282287976406e-04
4.123270201583072492e+01 2.270113849412329701e-02 2.615604642192645196e-04
4.138980621586031106e+01 2.256482453572422262e-02 2.665882787612313320e-04
4.154695689957926419e+01 2.249275602453464085e-02 2.548771458353603684e-04
4.170420599838194420e+01 2.238802533644144999e-02 2.540922313279261944e-04
4.186123902761131887e+01 2.228491940016333675e-02 2.479034647600909282e-04
4.201803464077677575e+01 2.218724663618708640e-02 2.564045681558858435e-04
4.217530385597030573e+01 2.209617015051354091e-02 2.563997628469385408e-04
4.233268701997334915e+01 2.201266021376830848e-02 2.490503297462652414e-04
4.248951607587162727e+01 2.190576862609967812e-02 2.521236448856984291e-04
4.264654483609960778e+01 2.182058503152514706e-02 2.541398313131524992e-04
4.280379310469830756e+01 2.173762296251736947e-02 2.494098228833401053e-04
4.296088465425426506e+01 2.164271614251470771e-02 2.504567556446945240e-04
4.311796117340112033e+01 2.156360488046024301e-02 2.566331450853532713e-04
4.327487296090120594e+01 2.148969943612575803e-02 2.543259004364608689e-04
4.343215900797665086e+01 2.140537136075174388e-02 2.522499750844988927e-04
4.358915756438649680e+01 2.133900460019722348e-02 2.623751941488566808e-04
4.374590019442506872e+01 2.125187033756622754e-02 2.565807590592528577e-04
4.390308196728489776e+01 2.118360084955312958e-02 2.455485805676545534e-04
4.406026540140641856e+01 2.111405246744471956e-02 2.503849802579906445e-04
4.421733947397627418e+01 2.104895079272679770e-02 2.336400262299698758e-04
4.437441870967763435e+01 2.097250019544499508e-02 2.409993346336602874e-04
4.453159054016027341e+01 2.090877592529939710e-02 2.587910253629857691e-04
4.468864369014499971e+01 2.084695026749134109e-02 2.513520156468721325e-04
4.484568230746856443e+01 2.078414111654823190e-02 2.532184539179544260e-04
4.500269304354133482e+01 2.072339604735310564e-02 2.338596997979972990e-04
4.515977284766967870e+01 2.066410729674171554e-02 2.443542035953410649e-04
4.531686285685834292e+01 2.062133222840052682e-02 2.399269013830340833e-04
4.547384088087638787e+01 2.057797879481185199e-02 2.492556984229134004e-04
4.563096257271651268e+01 2.053307800274885991e-02 2.425075403070806393e-04
4.578809215502025154e+01 2.047023139930292945e-02 2.389165041265741047e-04
4.594526022451645275e+01 2.043449080241834664e-02 2.429105243641267622e-04
4.610241065302696484e+01 2.038255605768180337e-02 2.401512732468312201e-04
4.625942303757445018e+01 2.034033153972341149e-02 2.364460582924336437e-04
4.641651864846570419e+01 2.030525465539620086e-02 2.447353625813846693e-04
4.657358995219062336e+01 2.027288535952392196e-02 2.389154358345422558e-04
4.673055122934910344e+01 2.022612255060125472e-02 2.355915570762568431e-04
4.688769533932448752e+01 2.020104939428865598e-02 2.409807701851719459e-04
4.704487487664587775e+01 2.016455873188071832e-02 2.405282932757113045e-04
4.720194532843748902e+01 2.014702573544597392e-02 2.436067905354505217e-04
4.735881112539362192e+01 2.010602218372224345e-02 2.425087185993006185e-04
4.751594922127566889e+01 2.009874691151564835e-02 2.428319584919150080e-04
4.767320843071468062e+01 2.006056327159422281e-02 2.470199101486313890e-04
4.783005539646318738e+01 2.005679803477463871e-02 2.460005386793489733e-04
4.798705586135240253e+01 2.004811578787477760e-02 2.559891761208909610e-04
4.814425264367952195e+01 2.002010585552771449e-02 2.530542736986100610e-04
4.830162275879657585e+01 2.003887340946395451e-02 2.560287714127148432e-04
4.845851778780102848e+01 2.000839431282116360e-02 2.457555766124548398e-04
4.861520715314837560e+01 2.000750226505111293e-02 2.516465952316949972e-04
4.877242153506116296e+01 2.000373715029622398e-02 2.591690866103207066e-04
4.892970299330707462e+01 2.001284186312991820e-02 2.575310095816656184e-04
4.908687730184542630e+01 2.000796079243117101e-02 2.584319265944849979e-04
4.924388320254833218e+01 2.000059174885739782e-02 2.628832354616515298e-04
4.940103443741363520e+01 2.001599722500444628e-02 2.575201704645828393e-04
4.955831508412312303e+01 2.002161951332488005e-02 2.709483719451408331e-04
4.971529298264005092e+01 2.004495958894795052e-02 2.539497666566728831e-04
4.987219821721060953e+01 2.004407225802195755e-02 2.595209150526643464e-04
5.002932603361167452e+01 2.008256892367274102e-02 2.712772091594950062e-04
5.018631556218895895e+01 2.009739656769149452e-02 2.699409662700128767e-04
5.034318046550159664e+01 2.010819670473421028e-02 2.780938978880486160e-04
5.050027700963133270e+01 2.014755285934112863e-02 2.632673162031838880e-04
5.065760132077017630e+01 2.017904001993321358e-02 2.626630494148063421e-04
5.081468395693172369e+01 2.020825077317213794e-02 2.664166074344392334e-04
5.097152509422535616e+01 2.025206272282641107e-02 2.643305580318873124e-04
5.112862248776254148e+01 2.027266732137216268e-02 2.809476484779048163e-04
5.128592090654180424e+01 2.032709364297833471e-02 2.708707328754041219e-04
5.144309555085856545e+01 2.036133355580031778e-02 2.841278042472777823e-04
5.160011158510122442e+01 2.041620039180500751e-02 2.798828680948439078e-04
5.175731960526265141e+01 2.048314230295768257e-02 2.760713377348358866e-04
5.191461796314855093e+01 2.051904845710753045e-02 2.696459140041547486e-04
5.207135607669539468e+01 2.058606332399824657e-02 2.877505027057991626e-04
5.222806478446842959e+01 2.063358345403632985e-02 2.784831593672301296e-04
5.238543254445986008e+01 2.071296088436166277e-02 2.853390166272877764e-04
5.254257611595600252e+01 2.078153847975204235e-02 2.803099788741027221e-04
5.269931833415011369e+01 2.085322510011591163e-02 2.915419042740574683e-04
5.285639491892390396e+01 2.093051609413022762e-02 2.877588306379716453e-04
5.301344724624242843e+01 2.097550381118045565e-02 2.852505908093435271e-04
5.317051876980443836e+01 2.111054371564575344e-02 2.976438959953180835e-04
5.332766755103651235e+01 2.114094797151623226e-02 2.991316485573543662e-04
5.348500298077735948e+01 2.123614820351247406e-02 3.067241954779819182e-04
5.364223496464932595e+01 2.132999624509684250e-02 2.944726489301630729e-04
5.379894742060574231e+01 2.139112864408450332e-02 2.809119718579937202e-04
5.395600833673379526e+01 2.151916343057394890e-02 2.939042107640570285e-04
5.411326202300976718e+01 2.155248384687916130e-02 3.236042344837015668e-04
5.427042920719081565e+01 2.170831898497584470e-02 3.174420752314631227e-04
5.442747824826232517e+01 2.178719456987575007e-02 3.206952302418958258e-04
5.458441850666565642e+01 2.183059237425015453e-02 3.128287422679994732e-04
5.474136316151507486e+01 2.196284019839182811e-02 3.326752338669561782e-04
5.489845354594736193e+01 2.199625708553675993e-02 3.128366268598093791e-04
5.505543071674868116e+01 2.218802114417095170e-02 3.275880654992951372e-04
5.521246252122121234e+01 2.214351292102878510e-02 3.187788539190339831e-04
5.536984311615618992e+01 2.228688567832858014e-02 3.316310239581027916e-04
5.552689545859513487e+01 2.233096907883671059e-02 3.339638140214132105e-04
5.568345304981696842e+01 2.235590738344378839e-02 3.399635985010423297e-04
5.584069806587591955e+01 2.246426019186419099e-02 3.352201791871587690e-04
5.599821974258232160e+01 2.241154026644565089e-02 3.358331088074299254e-04
5.615502105568013036e+01 2.252282558119446734e-02 3.439956879271696450e-04
5.631202680508972236e+01 2.244588137619728252e-02 3.258171933258393878e-04
5.646899832525830476e+01 2.242416256318129422e-02 3.135671196803486950e-04
5.662594416693222854e+01 2.240036062643014150e-02 3.046772683417620022e-04
5.678259778611094788e+01 2.231396477633702108e-02 3.346245099304782141e-04
5.693974320550065471e+01 2.217818124458072193e-02 3.243965566136585007e-04
5.709745763556057341e+01 2.211536446128310740e-02 3.295803564556009290e-04
5.725425030629697432e+01 2.209522626931416031e-02 3.315573187692106910e-04
5.741133935045357362e+01 2.212839326527442710e-02 3.354690787579522231e-04
5.756884321301916430e+01 2.208092755447636779e-02 3.149949549760524734e-04
5.772583149644106726e+01 2.208748954592127528e-02 3.161272004310187642e-04
5.788266851229413135e+01 2.213195508623052796e-02 3.226930805342589307e-04
5.803962257639496869e+01 2.211774974933552323e-02 3.372180616179155997e-04
5.819689621995856754e+01 2.219304610445318321e-02 3.475506840189669200e-04
5.835388594986143573e+01 2.219589878174825504e-02 3.352574767169501412e-04
5.851048421778040876e+01 2.224688973825143801e-02 3.317865522666544296e-04
5.866767751707434542e+01 2.228657369653963896e-02 3.144468124603757957e-04
5.882508228998036515e+01 2.231111991974188413e-02 3.144511800147295651e-04
5.898224736123371770e+01 2.240944752985203625e-02 3.166300972574660603e-04
5.913884692477888905e+01 2.251690724034706090e-02 3.163417902186054886e-04
5.929564464283270553e+01 2.254090717686811629e-02 3.069446664273104927e-04
5.945352258001084778e+01 2.265295909992355236e-02 3.266648285411878085e-04
5.961070231467085279e+01 2.277052653613427513e-02 3.309419991272898151e-04
5.976731456083252425e+01 2.286035161202721114e-02 3.447707086128254210e-04
5.992470345964100886e+01 2.293183121541384623e-02 3.516780903596218198e-04
6.008258871068673557e+01 2.306066373682944676e-02 3.146276383181341300e-04
6.023932684135217386e+01 2.316174303639866039e-02 3.491536220697909112e-04
6.039577003462449767e+01 2.328631800026814691e-02 3.570153706408921331e-04
6.055359641907271140e+01 2.341815677878800531e-02 3.509841475121240834e-04
6.071075143884250735e+01 2.354588917556081976e-02 3.434049888939086619e-04
6.086694421945293243e+01 2.373427008096181887e-02 3.625332002053333839e-04
6.102425531444302464e+01 2.382222283323215048e-02 3.496522091944130324e-04
6.118247453171182570e+01 2.397464454837934522e-02 3.854962553028664501e-04
6.133922796139895439e+01 2.414234999914983970e-02 3.716909771190287965e-04
6.149500095360918550e+01 2.436087292240525504e-02 3.517564028888367110e-04
6.165273087261874707e+01 2.446791562388120692e-02 3.882949897308452599e-04
6.181035768224073479e+01 2.461610049997081315e-02 3.762411000208250962e-04
6.196658879224211347e+01 2.488929753480109003e-02 3.878505561944732582e-04
6.212335790698150362e+01 2.509468821262053617e-02 4.252719343441172277e-04
6.228107077783446499e+01 2.523501593482503982e-02 4.184918149641324758e-04
6.243888440645920923e+01 2.547671354280061848e-02 4.557663770161739496e-04
6.259509475519177357e+01 2.578859972528983052e-02 4.556473352862303082e-04
6.275126133402213213e+01 2.598828189490151250e-02 4.859297865136304444e-04
6.290970383392785692e+01 2.625599288725981653e-02 4.396677280032651241e-04
6.306742373223402609e+01 2.648828508843200855e-02 4.232231567534127368e-04
6.322280294943617918e+01 2.682242001904456760e-02 4.087639641735126526e-04
6.337987377443261039e+01 2.702891735240790100e-02 4.891301683950505632e-04
6.353882537730356006e+01 2.741508449810124703e-02 4.884697238781822784e-04
6.369583997100188810e+01 2.778980584871248646e-02 5.139636356172787388e-04
6.385069315579813320e+01 2.798188874198232964e-02 5.425556638011903507e-04
6.400839299893164025e+01 2.831777350028549453e-02 5.810831734541872448e-04
6.416809543670143512e+01 2.869877168889588617e-02 5.841250016762944202e-04
6.432368783513420851e+01 2.909963899137820928e-02 5.952346639384485313e-04
6.447781313266034431e+01 2.946952742853584106e-02 5.573877089887276527e-04
6.463688740304701241e+01 2.983163209343770578e-02 5.908305609613227283e-04
6.479625487617632018e+01 3.031860285761066656e-02 6.902253413050119619e-04
6.495148303704421267e+01 3.069181902298945622e-02 6.224088377821728130e-04
6.510742899732220224e+01 3.105679290720640348e-02 6.366794946660828559e-04
6.526686243779083441e+01 3.155077226631407966e-02 6.955246763840800288e-04
6.542332085458025404e+01 3.215671357784850859e-02 7.282806263957976312e-04
6.557521362548898480e+01 3.267792406566311786e-02 6.928469940613945057e-04
6.573493827371439124e+01 3.313192636943394775e-02 7.046189453448237520e-04
6.589776439269822106e+01 3.355236206568099760e-02 8.173616129957275928e-04
6.605074465606993783e+01 3.428393749586160916e-02 8.404925093160718228e-04
6.620098780477589173e+01 3.489016995065719745e-02 9.039301860057635807e-04
6.636352405735766524e+01 3.547175786449126289e-02 9.493745057579308774e-04
6.652950706440147144e+01 3.617519001713710020e-02 1.015788372420194400e-03
6.667987868647104222e+01 3.684836142704098899e-02 1.117477562762957295e-03
6.682727252513147675e+01 3.753931024788689785e-02 1.292056815924503069e-03
6.699329411113721733e+01 3.819692927101014934e-02 1.121683449980366174e-03
6.716167327558071065e+01 3.902809491163679312e-02 1.145585743536488852e-03
6.730495891174597034e+01 3.953166426808638750e-02 1.275940050564088437e-03
6.744911693033651545e+01 4.035554437565067737e-02 1.366995929638912480e-03
6.762229848423206136e+01 4.142071467340786850e-02 1.328421771876495865e-03
6.779550657872420061e+01 4.229796204630594664e-02 1.191463371655998539e-03
6.792744758467283361e+01 4.301848418826707127e-02 1.451061656283542502e-03
6.806966116498493591e+01 4.443517524374595434e-02 1.414503905623676425e-03
6.824869617173445135e+01 4.502641053648075847e-02 1.844712225948636625e-03
6.842663219513711681e+01 4.611071364435114645e-02 2.121676832396144925e-03
6.856220509771767979e+01 4.780724357016211123e-02 2.341879688694631541e-03
6.869683295929898748e+01 4.874587295831991213e-02 1.810106475980833652e-03
6.887607845862255829e+01 5.006238566057175793e-02 2.620927373190670966e-03
6.905498360928540080e+01 5.091182026956624085e-02 2.949201333028493924e-03
6.919731970468525617e+01 5.159488597837116886e-02 5.734026384784069764e-03
6.932079956170674961e+01 5.188332499649581792e-02 7.355620364271830795e-03
6.949139529302948404e+01 5.293580765728500559e-02 1.232809655230970164e-02
6.964989558659395641e+01 6.905479848872361770e-02 4.531967464789116856e-02
