2.224910306174238406e-01 1.115614450601351422e+02 2.934144815675910323e+01
3.769780541266394280e-01 4.184831616305672242e+01 7.225255520124067132e+00
5.361975466142091529e-01 2.066804110614113554e+01 2.026177155232944838e+00
6.959151941223191695e-01 1.245196513055136656e+01 1.483329892484130053e+00
8.587749464508526165e-01 8.298544428999079514e+00 7.500333730870196725e-01
1.011971690356436415e+00 6.073523752487289151e+00 4.896175260514224470e-01
1.169179170893919872e+00 4.543633377044730359e+00 3.957066678677992888e-01
1.327056275441487854e+00 3.634053126751855434e+00 2.819859260883476049e-01
1.486340610235147519e+00 2.957890132518823378e+00 2.576881833994215665e-01
1.644056203647197956e+00 2.457311743774257540e+00 2.094094365872533892e-01
1.799158226674683947e+00 2.099771066494811489e+00 1.781012222368330289e-01
1.956965228922086908e+00 1.819827087803453702e+00 1.471747302845473060e-01
2.117599736458634752e+00 1.579049059896983298e+00 1.458923364047496063e-01
2.274213655131842593e+00 1.400112432390354877e+00 1.216747884576661887e-01
2.430197444207553126e+00 1.261563420485930287e+00 1.165605883131640014e-01
2.586907597398416137e+00 1.123955328950231980e+00 1.015609353852439112e-01
2.743941110636397784e+00 1.032434473456489199e+00 9.140960373682352480e-02
2.901357711950232954e+00 9.457431498587581808e-01 9.054322965612859875e-02
3.059174166343713086e+00 8.686825531294916081e-01 7.731060074043377695e-02
3.217043157725734570e+00 8.083049661811639863e-01 7.437183234751369720e-02
3.373752004160201601e+00 7.463903519841694756e-01 7.330609477833660570e-02
3.529873897105368918e+00 6.986997653971314115e-01 6.771065731602034232e-02
3.687833939368670766e+00 6.553461940697683508e-01 6.410807396379278322e-02
3.844662685630670929e+00 6.127026937869640699e-01 6.204895685931030580e-02
4.001643860127775731e+00 5.824314762259212852e-01 6.372508048522666779e-02
4.159977921717700866e+00 5.495084457308032633e-01 6.043468337887151348e-02
4.317989114441106224e+00 5.236306133670961538e-01 5.846188448191645681e-02
4.474413033442711018e+00 4.953036572708660601e-01 5.296656836452186962e-02
4.630884226619629729e+00 4.736317974978343504e-01 4.879215809658311864e-02
4.787016968352893365e+00 4.522495614004272690e-01 4.727974333425526143e-02
4.944724671628838664e+00 4.318895248821529309e-01 4.692993327377564805e-02
5.102344338619310804e+00 4.138257930855889777e-01 4.334113222489910378e-02
5.259848256524614740e+00 3.958630557343118528e-01 4.154349252377434465e-02
5.417274274555754054e+00 3.820664559393073811e-01 4.141579145046828114e-02
5.574250703040379840e+00 3.678099349059501533e-01 3.933410973835617386e-02
5.731550067715854624e+00 3.526568718595152752e-01 3.762015823261195130e-02
5.887853770917030438e+00 3.407987736130710932e-01 3.704591663127807660e-02
6.044776459544647373e+00 3.299771295686703132e-01 3.522576907301043503e-02
6.202141348599048420e+00 3.188078755419494481e-01 3.469501672602211262e-02
6.358730642182385928e+00 3.085962575466940083e-01 3.434114547544060703e-02
6.515835629712012356e+00 2.990461304015691879e-01 3.311050134008788198e-02
6.673143427242401060e+00 2.891507557251936089e-01 3.107692817945510722e-02
6.831058357852889174e+00 2.808767141830574854e-01 3.017200245372166773e-02
6.988824200211039894e+00 2.721500705324644276e-01 2.934740514053139210e-02
7.145915730786232878e+00 2.647931258467475235e-01 2.831624781557302156e-02
7.302190678485778186e+00 2.573105386168019759e-01 2.736321353090402989e-02
7.458624611099556212e+00 2.502425767758968966e-01 2.635535053172640557e-02
7.615956598517993115e+00 2.433905475599331958e-01 2.565571367995456847e-02
7.773197817507992546e+00 2.369257376262517978e-01 2.525390053055701078e-02
7.930420429045994979e+00 2.310674502876906289e-01 2.409988961138641653e-02
8.087968919861056705e+00 2.247500999286285439e-01 2.280836926533283057e-02
8.245420543875988884e+00 2.192609610257742758e-01 2.218805834067987329e-02
8.402941073642891112e+00 2.138255197712568279e-01 2.131176817010923055e-02
8.559250939273184144e+00 2.082603370405358978e-01 2.053668817906130831e-02
8.716195481665673483e+00 2.035657948724982069e-01 1.975618917117630616e-02
8.873529036028294570e+00 1.986885522419001848e-01 1.901900580648335781e-02
9.029792338552599773e+00 1.941145480338243023e-01 1.839513665885446694e-02
9.186917723908930355e+00 1.896586799332387607e-01 1.809576616751399497e-02
9.344119488193976863e+00 1.854509930023470754e-01 1.738466033783775053e-02
9.501635078687829861e+00 1.814035865597743435e-01 1.681714976282543128e-02
9.658849653149557568e+00 1.775499233100164831e-01 1.584697345614597547e-02
9.815350453411124221e+00 1.739520988081294517e-01 1.565748953743650168e-02
9.973161250804835731e+00 1.699062522900192385e-01 1.529520380012582871e-02
1.013018311144207040e+01 1.664803017597479839e-01 1.481170117898043294e-02
1.028729119392619218e+01 1.629783532358507481e-01 1.427127689877603391e-02
1.044453568029122792e+01 1.592857705530491275e-01 1.334992564174676197e-02
1.060100162181282712e+01 1.562211764561569072e-01 1.336150678287602311e-02
1.075856422567547988e+01 1.531474605129531374e-01 1.300966305521515133e-02
1.091589640063906330e+01 1.502548822168397191e-01 1.248627932490460439e-02
1.107249045805190768e+01 1.472583488472349045e-01 1.213603474315205592e-02
1.122908604632464780e+01 1.444799598350546832e-01 1.185735253732515294e-02
1.138603536563683072e+01 1.415040756970405156e-01 1.111148151750517010e-02
1.154408617575264451e+01 1.387211084852575937e-01 1.110261168330245810e-02
1.170161060505927608e+01 1.361793309248104655e-01 1.076415006567425260e-02
1.185871310691091374e+01 1.339714116348919293e-01 1.027610252898744983e-02
1.201589034203849948e+01 1.312324439207981641e-01 1.019654123464752357e-02
1.217254814597174217e+01 1.290737664329481282e-01 9.914466175405908799e-03
1.232924274899989037e+01 1.267686557515716461e-01 9.769548995013577902e-03
1.248626686786133888e+01 1.244697081573206826e-01 9.538322117910533887e-03
1.264289762833855235e+01 1.223008218402102942e-01 9.234812429804083178e-03
1.279980999067023717e+01 1.199759070367380082e-01 9.161923180697695290e-03
1.295781524442101507e+01 1.180279580710148352e-01 8.861136083145246256e-03
1.311522409507274922e+01 1.160083961847543366e-01 8.622913352456292729e-03
1.327189327120834150e+01 1.140047756132729073e-01 8.380746164480250282e-03
1.342893381986681511e+01 1.121482092809146791e-01 8.122165428598773426e-03
1.358644890945947914e+01 1.103291943986796225e-01 7.831877283449370855e-03
1.374357663098054338e+01 1.084368210708739622e-01 7.561970668451597349e-03
1.389984356875444504e+01 1.065693823840963006e-01 7.482376775710043726e-03
1.405713669152414269e+01 1.048430518451207438e-01 7.263683690014558457e-03
1.421502884306816483e+01 1.031883812836221631e-01 7.135616983679861532e-03
1.437201147355519737e+01 1.016135657437065160e-01 7.005679709270254407e-03
1.452887552585139908e+01 9.984583486900446003e-02 6.784127534508043768e-03
1.468598624165242050e+01 9.834600650628756713e-02 6.569083819556892703e-03
1.484294055074224872e+01 9.673129881056535817e-02 6.422767231131634030e-03
1.499992988698420504e+01 9.528595765606247270e-02 6.303434880742252687e-03
1.515669778781069255e+01 9.377039033699760551e-02 6.150825547837389558e-03
1.531367394111133606e+01 9.224075683508271839e-02 6.078483030452953503e-03
1.547119433260378685e+01 9.098633236764587517e-02 5.912921481767951723e-03
1.562827641859474781e+01 8.945446401492551658e-02 5.753562040803460696e-03
1.578506862595802573e+01 8.818421164552465996e-02 5.678015057189044097e-03
1.594250890683013822e+01 8.688239609141763797e-02 5.514989006420692626e-03
1.609964445828639157e+01 8.573369994413292117e-02 5.434686902041261335e-03
1.625671354291527848e+01 8.446060175759845245e-02 5.343322970026695429e-03
1.641396529424759620e+01 8.308892487813789030e-02 5.208001311640583428e-03
1.657092320589813284e+01 8.188080450444561176e-02 5.152778417171650742e-03
1.672796361240548535e+01 8.080443488051385070e-02 5.082465010087449525e-03
1.688517549643901461e+01 7.956972942177613362e-02 4.960448336573124520e-03
1.704208878648300995e+01 7.843308233742024571e-02 4.740273847762543902e-03
1.719898133465424550e+01 7.731015519790877810e-02 4.572135068655570553e-03
1.735586079259882908e+01 7.621786570766099500e-02 4.543093967259683591e-03
1.751293850608684366e+01 7.514883036076459855e-02 4.510634185169866764e-03
1.767031239152179367e+01 7.414063373857235351e-02 4.385749195525618684e-03
1.782754752418730249e+01 7.314332247931520925e-02 4.363127357853592743e-03
1.798479562792856612e+01 7.198603098144214230e-02 4.266304921976761706e-03
1.814208451899528285e+01 7.110395064841550095e-02 4.091299163201139732e-03
1.829913170677337320e+01 6.999653965583017834e-02 4.023921989844944473e-03
1.845626997621230814e+01 6.911202047825895645e-02 3.958490538713911426e-03
1.861316460528984251e+01 6.807960618911042261e-02 3.852580032285488933e-03
1.876967775485677947e+01 6.727714594104501622e-02 3.861214759567756314e-03
1.892689616329011315e+01 6.637742264244113344e-02 3.763471925514803688e-03
1.908410308400239330e+01 6.548609654480200271e-02 3.672773700297750615e-03
1.924115739965566618e+01 6.463774452112895641e-02 3.622720685538067132e-03
1.939848716293853315e+01 6.387085019224550408e-02 3.556372907525495643e-03
1.955582285497396455e+01 6.296049471463367742e-02 3.471573450443459809e-03
1.971328734130059956e+01 6.214764739449833708e-02 3.393054688857410298e-03
1.986974141744880384e+01 6.139578775839268920e-02 3.340625921460505399e-03
2.002622774148088425e+01 6.058790054716585438e-02 3.262672895557217675e-03
2.018341015431840191e+01 5.984049971188869221e-02 3.198620501845153650e-03
2.034057372093466398e+01 5.908869035283661336e-02 3.153050483145909688e-03
2.049788249740258905e+01 5.832102323140357647e-02 3.119401263591745164e-03
2.065488159098197229e+01 5.760640404033047501e-02 3.054442543908071021e-03
2.081224267520101279e+01 5.691380541189391962e-02 3.028744242070956477e-03
2.096989827302694565e+01 5.616941195317013552e-02 2.909565607244714823e-03
2.112658659925761029e+01 5.551591152948760766e-02 2.879077290175225280e-03
2.128320716890661757e+01 5.479840925549184921e-02 2.831034712245559474e-03
2.144049565975502247e+01 5.415353159646709574e-02 2.760675754494498323e-03
2.159764619265603613e+01 5.352725481723551171e-02 2.705809923409505970e-03
2.175459686371899437e+01 5.285606934327094497e-02 2.648830137566110434e-03
2.191160274018816878e+01 5.221928329388087625e-02 2.594762451008935950e-03
2.206875968349933714e+01 5.166703453925149125e-02 2.554985696029223041e-03
2.222583192098467109e+01 5.099147387776188645e-02 2.524097680339852916e-03
2.238271061778281634e+01 5.043480937500646744e-02 2.464957504142858795e-03
2.253989130416773889e+01 4.987350598911843153e-02 2.418714986881468233e-03
2.269708332023706987e+01 4.928324978486768593e-02 2.408374440789509078e-03
2.285436026579965940e+01 4.873649848915070221e-02 2.368477877252316705e-03
2.301157704429403594e+01 4.825060305482496703e-02 2.318037318742723844e-03
2.316858603816177720e+01 4.766344029919525327e-02 2.308982124036661372e-03
2.332581049338731916e+01 4.707739033237932219e-02 2.276398138427356607e-03
2.348316446393469548e+01 4.662569225076183127e-02 2.202356455780486201e-03
2.363993702599548996e+01 4.613832950350429951e-02 2.184499292570372345e-03
2.379665004636292736e+01 4.562427843860682175e-02 2.201167732414879580e-03
2.395353313882959512e+01 4.512995147587446632e-02 2.150171171974885487e-03
2.411087736277276505e+01 4.462046883268210723e-02 2.075690018978273640e-03
2.426838908392062066e+01 4.411606992094972007e-02 2.023295035365972779e-03
2.442520192112507260e+01 4.366426175677298738e-02 2.039972418680848811e-03
2.458205831340853464e+01 4.319792435402656366e-02 1.985474229190039002e-03
2.473892422991668383e+01 4.272213222106895081e-02 1.954138556756922912e-03
2.489614075480276867e+01 4.229245731576994349e-02 1.896281268042148468e-03
2.505340526859593098e+01 4.188074912385854331e-02 1.921318134557032167e-03
2.521012063337838427e+01 4.143511335424604480e-02 1.935962294240638204e-03
2.536735374590608671e+01 4.101728269827428774e-02 1.862452385394871082e-03
2.552481388593243139e+01 4.057741733882926777e-02 1.857607125763392373e-03
2.568184951093486035e+01 4.014959467473106641e-02 1.806128215348726859e-03
2.583897954740043090e+01 3.974724994691165858e-02 1.788221598460336187e-03
2.599618893481487447e+01 3.933424610521033676e-02 1.784291843970621603e-03
2.615317437358262609e+01 3.894992422473887023e-02 1.740667154685710850e-03
2.631008592027571424e+01 3.855869132400737559e-02 1.710964952532662920e-03
2.646701761629021732e+01 3.818287427172276094e-02 1.683538360102232153e-03
2.662410832664473048e+01 3.777901130727659429e-02 1.631945390322427471e-03
2.678141943602088659e+01 3.742763354943390991e-02 1.644235674216875005e-03
2.693860122002694979e+01 3.708648438536111397e-02 1.622563658642233245e-03
2.709562050470108829e+01 3.669936262864190168e-02 1.601490851401966408e-03
2.725270059857041716e+01 3.634450446053283379e-02 1.567218828645212990e-03
2.740974164891607856e+01 3.600482039054225120e-02 1.536058486490755534e-03
2.756702830147103711e+01 3.566229710998036762e-02 1.515261619263514768e-03
2.772407618987199740e+01 3.530430174152362349e-02 1.490141276682864285e-03
2.788063571159398180e+01 3.499060857534060098e-02 1.477659202386220503e-03
2.803755319036919502e+01 3.469080761153294640e-02 1.479238463719824166e-03
2.819481434561980038e+01 3.434900751454537243e-02 1.452822928369024982e-03
2.835223881670957269e+01 3.403187745585285751e-02 1.447776795732667269e-03
2.850910124126014722e+01 3.372907516034970993e-02 1.409367912021849446e-03
2.866597950802448835e+01 3.343829760259137140e-02 1.389686882473477542e-03
2.882356032479124863e+01 3.312798397828608382e-02 1.359211802296327607e-03
2.898072266877696634e+01 3.286225208076299503e-02 1.352331657391686896e-03
2.913771804718169989e+01 3.256928878302198932e-02 1.354716331970468642e-03
2.929482690640525533e+01 3.228433410424320221e-02 1.330074649929234229e-03
2.945218590924147151e+01 3.199179100367447598e-02 1.294828501116221473e-03
2.960919135628817145e+01 3.172938165616724648e-02 1.292428250165517404e-03
2.976586605748166647e+01 3.146838562349729002e-02 1.268722467143271020e-03
2.992280522086002037e+01 3.120584896173014128e-02 1.277314441849577422e-03
3.008003943385365275e+01 3.091710561667609589e-02 1.252222548235974947e-03
3.023717111104264532e+01 3.067927608663681763e-02 1.224709285570769980e-03
3.039409755187024942e+01 3.043245883630784840e-02 1.224467360110115038e-03
3.055124387927866536e+01 3.019560888759809450e-02 1.198232270849495856e-03
3.070851541553717468e+01 2.995879051995097020e-02 1.203243486866887408e-03
3.086582466442332162e+01 2.971686950433317931e-02 1.187291024323257642e-03
3.102255617942141086e+01 2.947205313193202933e-02 1.155982791263476459e-03
3.117937097861718598e+01 2.926524375524040475e-02 1.167468228369073933e-03
3.133663649833605547e+01 2.904007243298841953e-02 1.156527561370867185e-03
3.149374879730445898e+01 2.883815333460353417e-02 1.133807358555399694e-03
3.165080357818134615e+01 2.860840825737106727e-02 1.123648959116861981e-03
3.180790721180015979e+01 2.839277579671417931e-02 1.108110399086060247e-03
3.196510387646553397e+01 2.818177591312791275e-02 1.097952236622382624e-03
3.212216472333984285e+01 2.798166390807916085e-02 1.099497956435934853e-03
3.227938550166457787e+01 2.779340240498479747e-02 1.085227329711601577e-03
3.243664315934430675e+01 2.759972038796974780e-02 1.053976851222839699e-03
3.259354567529860702e+01 2.741629469143348763e-02 1.059362512105542541e-03
3.275043307306903984e+01 2.722655815010428457e-02 1.045598655489916916e-03
3.290753619157217003e+01 2.704459783978962681e-02 1.065634445441953921e-03
3.306466900908257855e+01 2.686571216495239889e-02 1.042855240293961245e-03
3.322163731132186371e+01 2.669405175810161263e-02 1.012904123861089589e-03
3.337862012386388955e+01 2.652883761800588214e-02 1.023862350643044714e-03
3.353601290680687441e+01 2.635253470643212498e-02 1.014942443045493969e-03
3.369327171042736069e+01 2.619078835833811569e-02 9.977503542970590777e-04
3.385003974987193942e+01 2.603639546182737879e-02 9.891402938254352344e-04
3.400706523244446089e+01 2.588795390684387257e-02 9.885138430300753273e-04
3.416414216143994054e+01 2.574308502097662210e-02 9.735047726808401369e-04
3.432128746206081615e+01 2.560048588785436216e-02 9.682093508045733644e-04
3.447838432323504065e+01 2.544441796715837811e-02 9.484100178159065274e-04
3.463523917872642954e+01 2.531128620331852402e-02 9.451950336218614994e-04
3.479246603048247977e+01 2.519039455116242263e-02 9.472548404871914763e-04
3.494961128598676936e+01 2.507163154190843873e-02 9.521542497935811967e-04
3.510669708522954835e+01 2.493866384624321073e-02 9.315262769340764857e-04
3.526386948712173108e+01 2.481982572717159399e-02 9.208838746666709587e-04
3.542094583868663449e+01 2.470272061551219769e-02 9.113308422061458785e-04
3.557795442967842803e+01 2.459033438440602626e-02 9.024765644572578819e-04
3.573494502910600090e+01 2.448044491499192302e-02 8.909168826061361320e-04
3.589217304556967747e+01 2.438730038721469151e-02 8.944289464001833282e-04
3.604942804423248504e+01 2.428328225573617161e-02 8.843248851291275704e-04
3.620634169633331112e+01 2.420079688177691896e-02 8.828518684562247209e-04
3.636330872430431782e+01 2.409825817313280411e-02 8.753194553099348822e-04
3.652048297879699845e+01 2.400901411109349418e-02 8.767998089771046437e-04
3.667775911005065836e+01 2.393049296755212982e-02 8.724321792976837131e-04
3.683482272372405220e+01 2.385133876773241207e-02 8.803599430771527666e-04
3.699174913108997487e+01 2.377944119647147636e-02 8.764391384886482993e-04
3.714890361507108452e+01 2.370573915127377820e-02 8.580663112020108776e-04
3.730584026907787631e+01 2.364716563516928993e-02 8.536372432069909769e-04
3.746256175949950062e+01 2.359976473428621740e-02 8.447250537082625016e-04
3.761964380127956531e+01 2.352669819122276892e-02 8.348166927862627623e-04
3.777689979736440051e+01 2.347895541765554137e-02 8.401000814275888301e-04
3.793404087462905494e+01 2.344026250114443835e-02 8.417465834678753474e-04
3.809121427422826400e+01 2.341429714617540916e-02 8.450631941032946993e-04
3.824845089289730282e+01 2.337336365807061653e-02 8.422783021508864661e-04
3.840575442284730201e+01 2.334180849040599914e-02 8.408576068896885447e-04
3.856276796948470320e+01 2.332494165393718399e-02 8.267696243721081454e-04
3.871959907707450554e+01 2.331134775119265978e-02 8.379038202211418511e-04
3.887682674449128228e+01 2.330017704649558347e-02 8.242921287420231337e-04
3.903393312318084440e+01 2.328907312438766031e-02 8.207984610344516881e-04
3.919072802632852159e+01 2.328847322379919149e-02 8.216333368765559465e-04
3.934784243510956259e+01 2.330396554698201117e-02 8.207162625548027491e-04
3.950508863077185140e+01 2.329843439982778180e-02 8.120530156853967467e-04
3.966213483586344779e+01 2.333655129557632088e-02 8.248391672982179849e-04
3.981900035657513826e+01 2.334046313688509580e-02 8.153298211468689794e-04
3.997616090986677051e+01 2.337343327298192774e-02 8.256482821552848204e-04
4.013355341593697290e+01 2.343325235087971581e-02 8.263047115311300582e-04
4.029049420908874168e+01 2.337037013477749614e-02 8.189290332229821239e-04
4.044742920880969450e+01 2.325746724111970795e-02 8.269631120691522475e-04
4.060456771350117577e+01 2.313057289782501774e-02 8.113553065241874748e-04
4.076160199864906986e+01 2.302584759730415265e-02 8.064573228446459893e-04
4.091870617079209183e+01 2.291050903516468618e-02 8.021156691320392197e-04
4.107575345671157407e+01 2.280289611380413237e-02 7.995771291670541060e-04
4.123270201583072492e+01 2.269928000953573902e-02 7.901921379826820288e-04
4.138980621586031106e+01 2.258023848659666821e-02 7.921542920866081472e-04
4.154695689957926419e+01 2.248974626855152620e-02 7.945388445427442386e-04
4.170420599838194420e+01 2.238834810162761840e-02 7.871217161128593338e-04
4.186123902761131887e+01 2.229788429905083663e-02 7.856964148648203474e-04
4.201803464077677575e+01 2.219773637038018402e-02 7.719421173522459387e-04
4.217530385597030573e+01 2.209761534625287807e-02 7.725182674374565447e-04
4.233268701997334915e+01 2.199675597846226932e-02 7.636464406233541957e-04
4.248951607587162727e+01 2.191249317017630524e-02 7.648203453317584544e-04
4.264654483609960778e+01 2.182916851897922020e-02 7.607294962307966073e-04
4.280379310469830756e+01 2.176073175223874542e-02 7.605600485746662849e-04
4.296088465425426506e+01 2.166262766314273544e-02 7.614913966623251557e-04
4.311796117340112033e+01 2.156738440582299868e-02 7.518927463935952491e-04
4.327487296090120594e+01 2.150876082717070870e-02 7.540133229927064662e-04
4.343215900797665086e+01 2.141132519948522189e-02 7.390030152860173644e-04
4.358915756438649680e+01 2.134862759698695836e-02 7.457811913065965888e-04
4.374590019442506872e+01 2.126915874901834022e-02 7.480339894144672928e-04
4.390308196728489776e+01 2.121197828328375695e-02 7.445529616059708448e-04
4.406026540140641856e+01 2.113638860047683046e-02 7.359971649922872556e-04
4.421733947397627418e+01 2.107562259191735066e-02 7.296782602885770307e-04
4.437441870967763435e+01 2.099926071281606882e-02 7.224420027644168482e-04
4.453159054016027341e+01 2.092935313120293517e-02 7.223676517728817772e-04
4.468864369014499971e+01 2.088879250512746394e-02 7.179141092256391106e-04
4.484568230746856443e+01 2.082328932294213314e-02 7.092564988395518195e-04
4.500269304354133482e+01 2.075679140628958197e-02 7.050822879911871005e-04
4.515977284766967870e+01 2.069782220588859203e-02 7.156403854454361198e-04
4.531686285685834292e+01 2.063595966428991360e-02 6.991049229807269833e-04
4.547384088087638787e+01 2.059691054819980799e-02 7.103105693555536101e-04
4.563096257271651268e+01 2.055337599649974603e-02 7.032983978024328004e-04
4.578809215502025154e+01 2.049672968219735589e-02 6.989034246630673654e-04
4.594526022451645275e+01 2.045217495979024733e-02 7.053914404214575327e-04
4.610241065302696484e+01 2.041434420640826294e-02 6.961954097418836902e-04
4.625942303757445018e+01 2.037541165166347271e-02 7.003113440713214666e-04
4.641651864846570419e+01 2.032506834742904556e-02 6.986280798991452087e-04
4.657358995219062336e+01 2.028982477068789342e-02 6.841883610158301481e-04
4.673055122934910344e+01 2.024985458894656629e-02 6.824896516787351628e-04
4.688769533932448752e+01 2.022785163600574268e-02 6.834720481760762651e-04
4.704487487664587775e+01 2.019526170823740530e-02 6.766288701146276749e-04
4.720194532843748902e+01 2.017825813355121969e-02 6.763445514851582682e-04
4.735881112539362192e+01 2.013039202939247499e-02 6.859602512451368900e-04
4.751594922127566889e+01 2.010184068077418632e-02 6.716755307276490528e-04
4.767320843071468062e+01 2.009109142286900559e-02 6.670728264390159623e-04
4.783005539646318738e+01 2.007779713000823127e-02 6.893893546204114819e-04
4.798705586135240253e+01 2.007607253190592245e-02 6.704930505290185565e-04
4.814425264367952195e+01 2.003801327744662852e-02 6.696005218490929225e-04
4.830162275879657585e+01 2.004899108098404450e-02 6.757775649780103575e-04
4.845851778780102848e+01 2.001311538689259581e-02 6.710651746547837858e-04
4.861520715314837560e+01 2.002613139683246876e-02 6.702704063649680879e-04
4.877242153506116296e+01 2.001126501736607416e-02 6.745781584969194784e-04
4.892970299330707462e+01 2.001895172920032870e-02 6.809111304234892557e-04
4.908687730184542630e+01 2.002582689254857329e-02 6.846190959782353681e-04
4.924388320254833218e+01 2.001793887768628377e-02 6.840444478576619518e-04
4.940103443741363520e+01 2.001951169581148160e-02 6.762646521684193002e-04
4.955831508412312303e+01 2.004213742718252700e-02 6.807960479370585164e-04
4.971529298264005092e+01 2.006354516108086947e-02 6.853900018986562766e-04
4.987219821721060953e+01 2.005919501575562439e-02 6.937097914557414750e-04
5.002932603361167452e+01 2.009055506348608397e-02 6.936010029628189707e-04
5.018631556218895895e+01 2.012875630810114988e-02 6.855982732700208063e-04
5.034318046550159664e+01 2.012602442584691259e-02 7.055416693779602462e-04
5.050027700963133270e+01 2.017414060444089330e-02 7.024070581671873741e-04
5.065760132077017630e+01 2.018968463058776197e-02 6.941072559564887652e-04
5.081468395693172369e+01 2.022786136762658171e-02 7.064367775522627669e-04
5.097152509422535616e+01 2.028750868320400996e-02 7.047095378101335362e-04
5.112862248776254148e+01 2.030502818317254585e-02 7.060776773090534026e-04
5.128592090654180424e+01 2.034945858205040869e-02 7.115389828376769699e-04
5.144309555085856545e+01 2.040536967692543890e-02 7.094304894838770852e-04
5.160011158510122442e+01 2.046503309146268518e-02 7.104442241364521994e-04
5.175731960526265141e+01 2.052835064893361247e-02 7.048410635761455378e-04
5.191461796314855093e+01 2.054960878431607435e-02 7.088352404638643143e-04
5.207135607669539468e+01 2.061225308600567532e-02 7.080904868279517357e-04
5.222806478446842959e+01 2.066543945464175205e-02 7.205863688341103369e-04
5.238543254445986008e+01 2.074458124875448728e-02 7.215714818500984029e-04
5.254257611595600252e+01 2.082437609485784588e-02 7.365609917560841935e-04
5.269931833415011369e+01 2.090280929405065324e-02 7.380894861331606773e-04
5.285639491892390396e+01 2.097316328086189924e-02 7.253165196017256249e-04
5.301344724624242843e+01 2.101227751602389310e-02 7.456128630834585325e-04
5.317051876980443836e+01 2.112991984944551441e-02 7.276546074445159077e-04
5.332766755103651235e+01 2.117552267733006921e-02 7.350100922945794479e-04
5.348500298077735948e+01 2.127390891250239419e-02 7.425419159673877579e-04
5.364223496464932595e+01 2.138194846850156525e-02 7.600661248881384561e-04
5.379894742060574231e+01 2.143345392658708645e-02 7.487065870697893989e-04
5.395600833673379526e+01 2.157430916150552408e-02 7.518417840035490933e-04
5.411326202300976718e+01 2.160699264658498889e-02 7.665558997437713854e-04
5.427042920719081565e+01 2.174063620532059801e-02 7.719206385109482656e-04
5.442747824826232517e+01 2.182705033225040489e-02 7.798623932957464292e-04
5.458441850666565642e+01 2.185972224249285722e-02 7.845012338341543533e-04
5.474136316151507486e+01 2.203269736414202248e-02 7.854183805257961698e-04
5.489845354594736193e+01 2.201387960238955152e-02 7.912586293433882543e-04
5.505543071674868116e+01 2.224156954247948070e-02 7.856539456632481017e-04
5.521246252122121234e+01 2.218859303584064593e-02 7.905404944686356909e-04
5.536984311615618992e+01 2.234739190721800675e-02 8.029593143350350053e-04
5.552689545859513487e+01 2.237037422876984871e-02 8.004751582213707204e-04
5.568345304981696842e+01 2.239194525636562308e-02 8.079684142236212780e-04
5.584069806587591955e+01 2.250879795093540733e-02 7.941232595459247774e-04
5.599821974258232160e+01 2.248341980034561371e-02 8.011804744993516721e-04
5.615502105568013036e+01 2.259245167038353638e-02 7.958800116962908575e-04
5.631202680508972236e+01 2.250693644517945749e-02 8.265640509630585442e-04
5.646899832525830476e+01 2.247368701092333776e-02 8.142722089888234250e-04
5.662594416693222854e+01 2.244228452305376681e-02 7.839499573322053017e-04
5.678259778611094788e+01 2.235798602930371901e-02 7.991248981910835901e-04
5.693974320550065471e+01 2.225639685147402791e-02 8.273743253284519730e-04
5.709745763556057341e+01 2.218274198451240103e-02 8.311544106022583211e-04
5.725425030629697432e+01 2.214086923895165412e-02 8.406342015063476749e-04
5.741133935045357362e+01 2.218498370780998610e-02 8.260789113630210212e-04
5.756884321301916430e+01 2.211922745544163404e-02 8.361408470422388405e-04
5.772583149644106726e+01 2.213081226413805835e-02 8.118897899721906272e-04
5.788266851229413135e+01 2.217485238729981559e-02 8.300233724040854792e-04
5.803962257639496869e+01 2.217832364511225160e-02 8.098423307796502688e-04
5.819689621995856754e+01 2.223868049691188342e-02 8.401759325819989008e-04
5.835388594986143573e+01 2.224844989121380762e-02 8.090272914515689653e-04
5.851048421778040876e+01 2.232661386562907746e-02 8.233914736790577064e-04
5.866767751707434542e+01 2.237215924665537578e-02 8.091611468537207802e-04
5.882508228998036515e+01 2.238341117432040769e-02 8.106828577411988833e-04
5.898224736123371770e+01 2.252314527586050247e-02 8.297248343240035476e-04
5.913884692477888905e+01 2.259206843070065904e-02 8.437343057128101655e-04
5.929564464283270553e+01 2.260824699671829321e-02 8.414265077732331188e-04
5.945352258001084778e+01 2.270496715061809390e-02 8.514758195351877345e-04
5.961070231467085279e+01 2.280951249498536920e-02 8.421632739801992529e-04
5.976731456083252425e+01 2.290540902640717316e-02 8.589941052382855024e-04
5.992470345964100886e+01 2.298154027554298595e-02 8.416878357196052067e-04
6.008258871068673557e+01 2.310002284815475954e-02 8.684630338902281713e-04
6.023932684135217386e+01 2.320942259277729985e-02 8.831448304544117127e-04
6.039577003462449767e+01 2.331278119061384185e-02 8.961656097512611836e-04
6.055359641907271140e+01 2.343218894901068217e-02 8.727661149701024202e-04
6.071075143884250735e+01 2.359312041808078395e-02 9.252365120394981119e-04
6.086694421945293243e+01 2.376730657884635473e-02 8.927049352838515835e-04
6.102425531444302464e+01 2.387316506771741675e-02 9.047406816474972508e-04
6.118247453171182570e+01 2.402519549615522720e-02 9.142172774033290863e-04
6.133922796139895439e+01 2.420453792856512576e-02 9.186121593198935068e-04
6.149500095360918550e+01 2.439247113169545553e-02 9.608480068847669942e-04
6.165273087261874707e+01 2.456948545968266895e-02 9.694604663104078269e-04
6.181035768224073479e+01 2.472270584622712764e-02 9.842915875688991196e-04
6.196658879224211347e+01 2.495117732983552841e-02 9.687952317011810791e-04
6.212335790698150362e+01 2.514548859752171669e-02 1.005178330367178293e-03
6.228107077783446499e+01 2.532062314596474420e-02 1.039599148716355195e-03
6.243888440645920923e+01 2.553383943232196210e-02 1.041014575447721854e-03
6.259509475519177357e+01 2.582785930596043569e-02 9.980273956940156031e-04
6.275126133402213213e+01 2.604004867245467494e-02 9.978324647734280062e-04
6.290970383392785692e+01 2.625101019081805404e-02 1.061385236035940552e-03
6.306742373223402609e+01 2.648313380210449292e-02 1.056446330278292293e-03
6.322280294943617918e+01 2.684295035164146678e-02 1.046033973046284855e-03
6.337987377443261039e+01 2.701370172637678271e-02 1.047944508125401002e-03
6.353882537730356006e+01 2.746035461638187194e-02 1.168634045752189356e-03
6.369583997100188810e+01 2.774076751027821849e-02 1.162326960940967624e-03
6.385069315579813320e+01 2.809042107641971167e-02 1.141754716781804299e-03
6.400839299893164025e+01 2.840313849578940050e-02 1.204104596921712908e-03
6.416809543670143512e+01 2.871904373813491049e-02 1.214093736338989421e-03
6.432368783513420851e+01 2.916032449060425302e-02 1.223560939692684832e-03
6.447781313266034431e+01 2.947370733867459014e-02 1.234647913697996128e-03
6.463688740304701241e+01 2.984354470780653870e-02 1.263043766194050415e-03
6.479625487617632018e+01 3.024886114346354848e-02 1.365906225390162978e-03
6.495148303704421267e+01 3.070219687627489050e-02 1.316785607393926609e-03
6.510742899732220224e+01 3.110814819642480911e-02 1.416418343711312033e-03
6.526686243779083441e+01 3.151426509781206364e-02 1.479810378461637703e-03
6.542332085458025404e+01 3.195181051699164804e-02 1.445403510115131828e-03
6.557521362548898480e+01 3.261876903824970086e-02 1.495172980343644062e-03
6.573493827371439124e+01 3.298269772319602916e-02 1.533526431922034713e-03
6.589776439269822106e+01 3.354964007479730587e-02 1.503894646364848557e-03
6.605074465606993783e+01 3.434799055021462572e-02 1.641536646051723483e-03
6.620098780477589173e+01 3.480548353764603003e-02 1.570387348193743064e-03
6.636352405735766524e+01 3.533800929216783515e-02 1.550225054666298308e-03
6.652950706440147144e+01 3.623073169692134915e-02 1.664092820168673473e-03
6.667987868647104222e+01 3.661337254769028021e-02 1.778730262395119372e-03
6.682727252513147675e+01 3.742511746441185699e-02 1.837895597800114295e-03
6.699329411113721733e+01 3.807718536310947255e-02 1.757304563928741925e-03
6.716167327558071065e+01 3.910911115589738724e-02 2.007147074275138048e-03
6.730495891174597034e+01 3.981274494170807671e-02 2.142098911566573359e-03
6.744911693033651545e+01 4.057423533293036400e-02 2.241819032036267232e-03
6.762229848423206136e+01 4.107289752322703519e-02 2.244043623147283593e-03
6.779550657872420061e+01 4.229858199068568109e-02 2.399255141845734254e-03
6.792744758467283361e+01 4.328093598744950365e-02 2.718148350196412325e-03
6.806966116498493591e+01 4.422170319536282423e-02 2.669022869569912231e-03
6.824869617173445135e+01 4.540515413335999284e-02 2.745649214565679206e-03
6.842663219513711681e+01 4.680007283024570364e-02 3.067334295341828804e-03
6.856220509771767979e+01 4.789323796074345524e-02 3.727521086027568448e-03
6.869683295929898748e+01 4.876743857049185837e-02 3.633812165605966159e-03
6.887607845862255829e+01 4.955975446637083531e-02 4.595865274298953536e-03
6.905498360928540080e+01 5.064562954252382204e-02 4.979182047924567492e-03
6.919731970468525617e+01 4.907844170538318285e-02 6.849728244576403641e-03
6.932079956170674961e+01 5.129380732355990485e-02 7.257609950831081340e-03
6.949139529302948404e+01 5.148604650862246418e-02 1.426005445816453873e-02
6.964989558659395641e+01 3.612434824561327334e-02 4.675344122347070003e-02
