2.224910306174238406e-01 1.725988334750788624e+02 4.576483330304181862e+01
3.769780541266394280e-01 6.593029849179021085e+01 1.168616309000307574e+01
5.361975466142091529e-01 3.337636159480670273e+01 3.516231072820701797e+00
6.959151941223191695e-01 2.086455182355367555e+01 2.636947693524133385e+00
8.587749464508526165e-01 1.422788398965888135e+01 1.497154971899868681e+00
1.011971690356436415e+00 1.065949216847324088e+01 1.124255112188652150e+00
1.169179170893919872e+00 8.246927538343546971e+00 8.603120030178864619e-01
1.327056275441487854e+00 6.733423178812765642e+00 7.161187554979017156e-01
1.486340610235147519e+00 5.630449967501437669e+00 6.204801468035099354e-01
1.644056203647197956e+00 4.774661897016020617e+00 5.663542875170500812e-01
1.799158226674683947e+00 4.146643956525836394e+00 4.802150490496107094e-01
1.956965228922086908e+00 3.664892090281349990e+00 4.215993261822230664e-01
2.117599736458634752e+00 3.252361371819834091e+00 3.940100120479523849e-01
2.274213655131842593e+00 2.915041239786013261e+00 3.531114062834578848e-01
2.430197444207553126e+00 2.679523088707192802e+00 3.426586776696965431e-01
2.586907597398416137e+00 2.425766137850806636e+00 3.105149430007446143e-01
2.743941110636397784e+00 2.258553931929524694e+00 2.867654626585249278e-01
2.901357711950232954e+00 2.101393460925759182e+00 2.789753094132650379e-01
3.059174166343713086e+00 1.950988721765300138e+00 2.514725392422066941e-01
3.217043157725734570e+00 1.831463310651366250e+00 2.326816465713594240e-01
3.373752004160201601e+00 1.721776106285501040e+00 2.199848877839123140e-01
3.529873897105368918e+00 1.617050041785957459e+00 2.112772719147028577e-01
3.687833939368670766e+00 1.531230695163488864e+00 1.914741446052309615e-01
3.844662685630670929e+00 1.447254148651219152e+00 1.860680566952741533e-01
4.001643860127775731e+00 1.379990150638719992e+00 1.792068208554056519e-01
4.159977921717700866e+00 1.315165912652710434e+00 1.727241422912305924e-01
4.317989114441106224e+00 1.250213653440237271e+00 1.609089579226298250e-01
4.474413033442711018e+00 1.199303054231894095e+00 1.621123513936070515e-01
4.630884226619629729e+00 1.145963054658286184e+00 1.492434540738024618e-01
4.787016968352893365e+00 1.101460208865028045e+00 1.440067899418083219e-01
4.944724671628838664e+00 1.056278079773551370e+00 1.405697253021633841e-01
5.102344338619310804e+00 1.019500126321330580e+00 1.335725883706441741e-01
5.259848256524614740e+00 9.789537576255153972e-01 1.261050500588589141e-01
5.417274274555754054e+00 9.442211909477087328e-01 1.201436733963319042e-01
5.574250703040379840e+00 9.092178547854068427e-01 1.171408099190562879e-01
5.731550067715854624e+00 8.781120387023486629e-01 1.095832452461166923e-01
5.887853770917030438e+00 8.486893858158852666e-01 1.049795868238720398e-01
6.044776459544647373e+00 8.189332065396973670e-01 1.006738277540053378e-01
6.202141348599048420e+00 7.913074437013548623e-01 9.495552923917693899e-02
6.358730642182385928e+00 7.676748359548308809e-01 9.021941155923848821e-02
6.515835629712012356e+00 7.447898029490346294e-01 8.728756143130013412e-02
6.673143427242401060e+00 7.208161090050799746e-01 8.301105766568434019e-02
6.831058357852889174e+00 6.999170613160222709e-01 7.895512462295786738e-02
6.988824200211039894e+00 6.785528457826474069e-01 7.666250104591575132e-02
7.145915730786232878e+00 6.577657122353407493e-01 7.200829336065808772e-02
7.302190678485778186e+00 6.392825314108487866e-01 6.859492063741647050e-02
7.458624611099556212e+00 6.229617640594711236e-01 6.611636055205431795e-02
7.615956598517993115e+00 6.051102473872046472e-01 6.384854474133022650e-02
7.773197817507992546e+00 5.886916072845170822e-01 6.125859951310329982e-02
7.930420429045994979e+00 5.728221632726433477e-01 5.853409755554061372e-02
8.087968919861056705e+00 5.570802305144617605e-01 5.641991904938107455e-02
8.245420543875988884e+00 5.418056208084469638e-01 5.412607287960811281e-02
8.402941073642891112e+00 5.267802789261701868e-01 5.053642492418345539e-02
8.559250939273184144e+00 5.126872145005660908e-01 4.912212230241358446e-02
8.716195481665673483e+00 5.004155089469244366e-01 4.760567466490005922e-02
8.873529036028294570e+00 4.865130569411926786e-01 4.664760710723386133e-02
9.029792338552599773e+00 4.752263242961178302e-01 4.463020349950366783e-02
9.186917723908930355e+00 4.632006449005036108e-01 4.281240314574046718e-02
9.344119488193976863e+00 4.519581958745526040e-01 4.113174108484781571e-02
9.501635078687829861e+00 4.404685212005141626e-01 3.945777233554440683e-02
9.658849653149557568e+00 4.295205514297643634e-01 3.820270348736569399e-02
9.815350453411124221e+00 4.194687564890900444e-01 3.610971435574918120e-02
9.973161250804835731e+00 4.100705520054502284e-01 3.455648671894311769e-02
1.013018311144207040e+01 3.998831251225532513e-01 3.417934269352283783e-02
1.028729119392619218e+01 3.909652172775306411e-01 3.316345660311290078e-02
1.044453568029122792e+01 3.825017587697189247e-01 3.130726398129488747e-02
1.060100162181282712e+01 3.733806356591591880e-01 3.007179071521232788e-02
1.075856422567547988e+01 3.646273696678328791e-01 2.915890573831868976e-02
1.091589640063906330e+01 3.571072932344146467e-01 2.849111288006148796e-02
1.107249045805190768e+01 3.494214967592737531e-01 2.788368727112398165e-02
1.122908604632464780e+01 3.412539308725726084e-01 2.577243599062804119e-02
1.138603536563683072e+01 3.335615121706044239e-01 2.570246163117902855e-02
1.154408617575264451e+01 3.265596860629702558e-01 2.479821826280281805e-02
1.170161060505927608e+01 3.195513414494016713e-01 2.397490352788208059e-02
1.185871310691091374e+01 3.126710640676412245e-01 2.357302157742171070e-02
1.201589034203849948e+01 3.066837483249313379e-01 2.263112477122943347e-02
1.217254814597174217e+01 3.000070188301714458e-01 2.287215751258768470e-02
1.232924274899989037e+01 2.935750712220505099e-01 2.100086992144229239e-02
1.248626686786133888e+01 2.878694796370242504e-01 2.070001035530997374e-02
1.264289762833855235e+01 2.818978730920040365e-01 2.004045200457178419e-02
1.279980999067023717e+01 2.764403639535618629e-01 1.945784333597992341e-02
1.295781524442101507e+01 2.708184558092112115e-01 1.875840130921368337e-02
1.311522409507274922e+01 2.656041916204737174e-01 1.841520731897034607e-02
1.327189327120834150e+01 2.603209378490229930e-01 1.795310953158403208e-02
1.342893381986681511e+01 2.552074086514821705e-01 1.748510577605608129e-02
1.358644890945947914e+01 2.503110056329982402e-01 1.709248561308985073e-02
1.374357663098054338e+01 2.456757924116524383e-01 1.647934311123148976e-02
1.389984356875444504e+01 2.407828248712128583e-01 1.627750011313212897e-02
1.405713669152414269e+01 2.365191703523882305e-01 1.560159617710447401e-02
1.421502884306816483e+01 2.321285099759684556e-01 1.535835472994989161e-02
1.437201147355519737e+01 2.276406837741293265e-01 1.495594180354195557e-02
1.452887552585139908e+01 2.234400153884384121e-01 1.437569686237009925e-02
1.468598624165242050e+01 2.191242319552426931e-01 1.383268575947761009e-02
1.484294055074224872e+01 2.151399227741793152e-01 1.360763713054870955e-02
1.499992988698420504e+01 2.113705861063401026e-01 1.321483184561039748e-02
1.515669778781069255e+01 2.078693465170976806e-01 1.304549918559546641e-02
1.531367394111133606e+01 2.043999383983516049e-01 1.242236342899468576e-02
1.547119433260378685e+01 2.006102648189481141e-01 1.235166740186800609e-02
1.562827641859474781e+01 1.971568663249052833e-01 1.199959576739487513e-02
1.578506862595802573e+01 1.939596303091178642e-01 1.175197098840253911e-02
1.594250890683013822e+01 1.904721139783221995e-01 1.138477836529448207e-02
1.609964445828639157e+01 1.873282783444950861e-01 1.116733486364205642e-02
1.625671354291527848e+01 1.840879230762585139e-01 1.081474968051405333e-02
1.641396529424759620e+01 1.809168150391464724e-01 1.059044721930973293e-02
1.657092320589813284e+01 1.779686229689415033e-01 1.036917816503219250e-02
1.672796361240548535e+01 1.748739047065146490e-01 1.005135048202335062e-02
1.688517549643901461e+01 1.721919421249114568e-01 9.901647227170021909e-03
1.704208878648300995e+01 1.694138508095721918e-01 9.487094697494731846e-03
1.719898133465424550e+01 1.665603641613511987e-01 9.343083324305861970e-03
1.735586079259882908e+01 1.640210871861937370e-01 9.226019527238555132e-03
1.751293850608684366e+01 1.614897218172005600e-01 8.871914785843369386e-03
1.767031239152179367e+01 1.589764828191715107e-01 8.603855641001492000e-03
1.782754752418730249e+01 1.565495711252001543e-01 8.566899953861685166e-03
1.798479562792856612e+01 1.541919847564424406e-01 8.430954437638913876e-03
1.814208451899528285e+01 1.516370097032165021e-01 8.322247107651345802e-03
1.829913170677337320e+01 1.494596717691022980e-01 8.080972674847796203e-03
1.845626997621230814e+01 1.471425397365226651e-01 7.817752517955394581e-03
1.861316460528984251e+01 1.450886763251889866e-01 7.806959200272940193e-03
1.876967775485677947e+01 1.428271971854134514e-01 7.637780459462936711e-03
1.892689616329011315e+01 1.407255115072074958e-01 7.310714893036527814e-03
1.908410308400239330e+01 1.387163827818836681e-01 7.304269250646444958e-03
1.924115739965566618e+01 1.367183782348881382e-01 7.002671375119371572e-03
1.939848716293853315e+01 1.346924891642800604e-01 6.949516009715337242e-03
1.955582285497396455e+01 1.328396414654774149e-01 6.874398854216774019e-03
1.971328734130059956e+01 1.308752045565431676e-01 6.569003087270825457e-03
1.986974141744880384e+01 1.291107495064781341e-01 6.409833976868595760e-03
2.002622774148088425e+01 1.271405473171898226e-01 6.409976522953993866e-03
2.018341015431840191e+01 1.255295667866557496e-01 6.240709274402691208e-03
2.034057372093466398e+01 1.237774896286103904e-01 6.126361299791675298e-03
2.049788249740258905e+01 1.220027219525060547e-01 6.193590886898398158e-03
2.065488159098197229e+01 1.203362731925893131e-01 5.892676596365409650e-03
2.081224267520101279e+01 1.187528668805705040e-01 5.890615629701990291e-03
2.096989827302694565e+01 1.172560970116227758e-01 5.856788262349885664e-03
2.112658659925761029e+01 1.156895910353242796e-01 5.729138078524089947e-03
2.128320716890661757e+01 1.140978456178456252e-01 5.526524661970510198e-03
2.144049565975502247e+01 1.125403273469105653e-01 5.390849498703125312e-03
2.159764619265603613e+01 1.111459343875018102e-01 5.342730205681041171e-03
2.175459686371899437e+01 1.096453050794619910e-01 5.338501591251871951e-03
2.191160274018816878e+01 1.082118067397880717e-01 5.263963858388283172e-03
2.206875968349933714e+01 1.068641611719761964e-01 5.043909968497144528e-03
2.222583192098467109e+01 1.055529254653019833e-01 4.956627796740012415e-03
2.238271061778281634e+01 1.042044241489672313e-01 4.905209758192098299e-03
2.253989130416773889e+01 1.028391157888839252e-01 4.819941161167711451e-03
2.269708332023706987e+01 1.016284903283522917e-01 4.665175509808979458e-03
2.285436026579965940e+01 1.003881908874303674e-01 4.643801899913536403e-03
2.301157704429403594e+01 9.908699769523721113e-02 4.547669926622239719e-03
2.316858603816177720e+01 9.786024150712180347e-02 4.472545981885627138e-03
2.332581049338731916e+01 9.668104255098741717e-02 4.386473930853582691e-03
2.348316446393469548e+01 9.551541278432536253e-02 4.407349207403511542e-03
2.363993702599548996e+01 9.442809311714199516e-02 4.284620384942913751e-03
2.379665004636292736e+01 9.335149074224319277e-02 4.282856549140549689e-03
2.395353313882959512e+01 9.221709139853746795e-02 4.229371057910981564e-03
2.411087736277276505e+01 9.107900423086467967e-02 4.173640804120844726e-03
2.426838908392062066e+01 9.003782992257867990e-02 4.071677293875266244e-03
2.442520192112507260e+01 8.906254230578677933e-02 4.000610468464962065e-03
2.458205831340853464e+01 8.800719176459054216e-02 3.999804190136761403e-03
2.473892422991668383e+01 8.699983718610619643e-02 3.872682396380757765e-03
2.489614075480276867e+01 8.608333849873804622e-02 3.841431859163898632e-03
2.505340526859593098e+01 8.511473944553800408e-02 3.757421180547940252e-03
2.521012063337838427e+01 8.415128304516951430e-02 3.648325298313589982e-03
2.536735374590608671e+01 8.328097097520653636e-02 3.598503268489270605e-03
2.552481388593243139e+01 8.232849189820054536e-02 3.534371718549187292e-03
2.568184951093486035e+01 8.146986932007264925e-02 3.487548297864531688e-03
2.583897954740043090e+01 8.056940648019461637e-02 3.451911390192877356e-03
2.599618893481487447e+01 7.966198569034904642e-02 3.393482366036367631e-03
2.615317437358262609e+01 7.883889606114599657e-02 3.297412879364848733e-03
2.631008592027571424e+01 7.798542205333541810e-02 3.239821143242225306e-03
2.646701761629021732e+01 7.716546975603440217e-02 3.256218652043452611e-03
2.662410832664473048e+01 7.633466005817218791e-02 3.137491798609750877e-03
2.678141943602088659e+01 7.553259270327941644e-02 3.159667192438798088e-03
2.693860122002694979e+01 7.480787861944572514e-02 3.093499852245943510e-03
2.709562050470108829e+01 7.402266537546946246e-02 3.063574488222288884e-03
2.725270059857041716e+01 7.323449287761558957e-02 3.037235372981630932e-03
2.740974164891607856e+01 7.246882869515233749e-02 3.003499383810930273e-03
2.756702830147103711e+01 7.176510493143578584e-02 2.960755513710161026e-03
2.772407618987199740e+01 7.106871483020764380e-02 2.876376119433399301e-03
2.788063571159398180e+01 7.034402081687224362e-02 2.860718782464109506e-03
2.803755319036919502e+01 6.964273588821584537e-02 2.843846180315515691e-03
2.819481434561980038e+01 6.896988872740976440e-02 2.753204004136569540e-03
2.835223881670957269e+01 6.834364789106694982e-02 2.746308897792973467e-03
2.850910124126014722e+01 6.768928967617265924e-02 2.705102137421718130e-03
2.866597950802448835e+01 6.700542695641635571e-02 2.663954937687755629e-03
2.882356032479124863e+01 6.637784241240732297e-02 2.607616882913686707e-03
2.898072266877696634e+01 6.578222465277529241e-02 2.632517113897533349e-03
2.913771804718169989e+01 6.517908201736316576e-02 2.579073072915179406e-03
2.929482690640525533e+01 6.457512376715278390e-02 2.558459089214578774e-03
2.945218590924147151e+01 6.400245986091371297e-02 2.556312413088156817e-03
2.960919135628817145e+01 6.340874465674088689e-02 2.520135209273727424e-03
2.976586605748166647e+01 6.284070412533013239e-02 2.501578807316406829e-03
2.992280522086002037e+01 6.226424631519889702e-02 2.451094112069037226e-03
3.008003943385365275e+01 6.174088717684732969e-02 2.424057302753368243e-03
3.023717111104264532e+01 6.120787958341757790e-02 2.382409504427170435e-03
3.039409755187024942e+01 6.064339705061618652e-02 2.313174848446779286e-03
3.055124387927866536e+01 6.014270987782895095e-02 2.337802183893031814e-03
3.070851541553717468e+01 5.964896711620598646e-02 2.338976278038729616e-03
3.086582466442332162e+01 5.911602925107865142e-02 2.279152971521234989e-03
3.102255617942141086e+01 5.860787130542692569e-02 2.230279683640263265e-03
3.117937097861718598e+01 5.816859270277092292e-02 2.247219398719079407e-03
3.133663649833605547e+01 5.767992568187487595e-02 2.260599573223438189e-03
3.149374879730445898e+01 5.725654791905956248e-02 2.218196780072776309e-03
3.165080357818134615e+01 5.679500835904643247e-02 2.194321244965722565e-03
3.180790721180015979e+01 5.634137613613518503e-02 2.213651579038764059e-03
3.196510387646553397e+01 5.594521296505670233e-02 2.179751837244952792e-03
3.212216472333984285e+01 5.544794190798982975e-02 2.102714271119267980e-03
3.227938550166457787e+01 5.507670782722887126e-02 2.117056119905684746e-03
3.243664315934430675e+01 5.464598173610277915e-02 2.070242778444953378e-03
3.259354567529860702e+01 5.425346763669516154e-02 2.087364733221477430e-03
3.275043307306903984e+01 5.387245428289524213e-02 2.054609338022469599e-03
3.290753619157217003e+01 5.351676851644316529e-02 2.023416539997222822e-03
3.306466900908257855e+01 5.314858810860270677e-02 2.023627582432969974e-03
3.322163731132186371e+01 5.276390449205720784e-02 2.004420192994434049e-03
3.337862012386388955e+01 5.244695936234265027e-02 2.002787458793612273e-03
3.353601290680687441e+01 5.209076753112040770e-02 1.991388724711275985e-03
3.369327171042736069e+01 5.174924310510115033e-02 1.965860261294589094e-03
3.385003974987193942e+01 5.141181903739679843e-02 1.914628610479015679e-03
3.400706523244446089e+01 5.108535640971876429e-02 1.936190524235594781e-03
3.416414216143994054e+01 5.076909405202435083e-02 1.881852297442898267e-03
3.432128746206081615e+01 5.045316297293742092e-02 1.911390497414558768e-03
3.447838432323504065e+01 5.015738610147190552e-02 1.873051049607770508e-03
3.463523917872642954e+01 4.982204636546713750e-02 1.871514719460320650e-03
3.479246603048247977e+01 4.957606332964896445e-02 1.848557326415326430e-03
3.494961128598676936e+01 4.928721066584858257e-02 1.841589211573654026e-03
3.510669708522954835e+01 4.905175757956808241e-02 1.793670816556623563e-03
3.526386948712173108e+01 4.878683479705174519e-02 1.784735704871769427e-03
3.542094583868663449e+01 4.854225213693956487e-02 1.793045415560627198e-03
3.557795442967842803e+01 4.830318618089613630e-02 1.773112957448389967e-03
3.573494502910600090e+01 4.804396574345824039e-02 1.757841179305899343e-03
3.589217304556967747e+01 4.785216060368980423e-02 1.751097454057041819e-03
3.604942804423248504e+01 4.760617094903712987e-02 1.756952115652888518e-03
3.620634169633331112e+01 4.741656238231043569e-02 1.744484176923240086e-03
3.636330872430431782e+01 4.722759460673533333e-02 1.740590066780607062e-03
3.652048297879699845e+01 4.703207651317836691e-02 1.729941718353930191e-03
3.667775911005065836e+01 4.685817304022391050e-02 1.714202690636176243e-03
3.683482272372405220e+01 4.669601637415676104e-02 1.738443277104185407e-03
3.699174913108997487e+01 4.654884746254952382e-02 1.720754909271493939e-03
3.714890361507108452e+01 4.639490961921349105e-02 1.728773783307008087e-03
3.730584026907787631e+01 4.624387665775725464e-02 1.694365826784603865e-03
3.746256175949950062e+01 4.614207005824981500e-02 1.679847758983930980e-03
3.761964380127956531e+01 4.599418834278683199e-02 1.677903461876885816e-03
3.777689979736440051e+01 4.588057212149767444e-02 1.707500382353698649e-03
3.793404087462905494e+01 4.580731248170912678e-02 1.691743468083739413e-03
3.809121427422826400e+01 4.569632396265408542e-02 1.667489905489089605e-03
3.824845089289730282e+01 4.564807301525270616e-02 1.680920177166792765e-03
3.840575442284730201e+01 4.554749132446819782e-02 1.688006410305018619e-03
3.856276796948470320e+01 4.551982306606446732e-02 1.676709899128074697e-03
3.871959907707450554e+01 4.544979614445101429e-02 1.672408743947671056e-03
3.887682674449128228e+01 4.541756450492884234e-02 1.699173610779347240e-03
3.903393312318084440e+01 4.541231936973300770e-02 1.682281400894659364e-03
3.919072802632852159e+01 4.537734425348616957e-02 1.675442173888032522e-03
3.934784243510956259e+01 4.539974519960782856e-02 1.678765652296104315e-03
3.950508863077185140e+01 4.539272121219654899e-02 1.683776074297435284e-03
3.966213483586344779e+01 4.542723637790164332e-02 1.676819488628211860e-03
3.981900035657513826e+01 4.546203512405982972e-02 1.678131614941613279e-03
3.997616090986677051e+01 4.549362856189676646e-02 1.678616300626221578e-03
4.013355341593697290e+01 4.558804818318033802e-02 1.682528212706925182e-03
4.029049420908874168e+01 4.547424959362790509e-02 1.683982554577525713e-03
4.044742920880969450e+01 4.527015901092784622e-02 1.666982185246419779e-03
4.060456771350117577e+01 4.504820074316004397e-02 1.669569659727474344e-03
4.076160199864906986e+01 4.481500472710241156e-02 1.677388520508541576e-03
4.091870617079209183e+01 4.459469398213842389e-02 1.643209771462203223e-03
4.107575345671157407e+01 4.438844971135583878e-02 1.646535515347303429e-03
4.123270201583072492e+01 4.418307424962970159e-02 1.629361487198364945e-03
4.138980621586031106e+01 4.393922692599660368e-02 1.607422918747370560e-03
4.154695689957926419e+01 4.378894564627720115e-02 1.601700025514323682e-03
4.170420599838194420e+01 4.359179619903399278e-02 1.608146870612270829e-03
4.186123902761131887e+01 4.339313733937550516e-02 1.618288031672343195e-03
4.201803464077677575e+01 4.319481187270254180e-02 1.593707311346589115e-03
4.217530385597030573e+01 4.300121053233186413e-02 1.578768518505803756e-03
4.233268701997334915e+01 4.281387562399738972e-02 1.603888719778873368e-03
4.248951607587162727e+01 4.263767944247444375e-02 1.575743684448133262e-03
4.264654483609960778e+01 4.247084704943736300e-02 1.559608460767207246e-03
4.280379310469830756e+01 4.230761011621339551e-02 1.556587588245018569e-03
4.296088465425426506e+01 4.213301653426641119e-02 1.548924862261956848e-03
4.311796117340112033e+01 4.194593899132900705e-02 1.546728857370703331e-03
4.327487296090120594e+01 4.181760458995517626e-02 1.519428171647830466e-03
4.343215900797665086e+01 4.164306055424928793e-02 1.511379157708837287e-03
4.358915756438649680e+01 4.149484072215276625e-02 1.511417168749986132e-03
4.374590019442506872e+01 4.134414436779576540e-02 1.496762553579944477e-03
4.390308196728489776e+01 4.123151471678552366e-02 1.506349816352595692e-03
4.406026540140641856e+01 4.105791804341267504e-02 1.510607019833659637e-03
4.421733947397627418e+01 4.093038851813628198e-02 1.521408892151696621e-03
4.437441870967763435e+01 4.079356196228107329e-02 1.504095207921430939e-03
4.453159054016027341e+01 4.065887393874260264e-02 1.492103382280042740e-03
4.468864369014499971e+01 4.051733565618675231e-02 1.472422704979621695e-03
4.484568230746856443e+01 4.041611182443279743e-02 1.492976301448711721e-03
4.500269304354133482e+01 4.031453656759977772e-02 1.481975558242164042e-03
4.515977284766967870e+01 4.015547097791088982e-02 1.479086724292756746e-03
4.531686285685834292e+01 4.007689662108480239e-02 1.486829446095460977e-03
4.547384088087638787e+01 3.995981097805383075e-02 1.476427087109107245e-03
4.563096257271651268e+01 3.989738084322409783e-02 1.480931613272098470e-03
4.578809215502025154e+01 3.976605418984371226e-02 1.481764155289084324e-03
4.594526022451645275e+01 3.966849270053552506e-02 1.459850063708471824e-03
4.610241065302696484e+01 3.958577668339688382e-02 1.482089269932938000e-03
4.625942303757445018e+01 3.951449171636627067e-02 1.480496699096838994e-03
4.641651864846570419e+01 3.941197656406236066e-02 1.475973673422832470e-03
4.657358995219062336e+01 3.932318759458490465e-02 1.472322474811829261e-03
4.673055122934910344e+01 3.926974236787992428e-02 1.473842303615969986e-03
4.688769533932448752e+01 3.920823300857723126e-02 1.458512272313909619e-03
4.704487487664587775e+01 3.913367734924097507e-02 1.475027628769911853e-03
4.720194532843748902e+01 3.910393226285815288e-02 1.471809917669056333e-03
4.735881112539362192e+01 3.902479219855539694e-02 1.478559080912393488e-03
4.751594922127566889e+01 3.896680039868367224e-02 1.468852251681209819e-03
4.767320843071468062e+01 3.893026767268663313e-02 1.482889352564431031e-03
4.783005539646318738e+01 3.888667198206791076e-02 1.474040616419434405e-03
4.798705586135240253e+01 3.886758024840281101e-02 1.450936089854783879e-03
4.814425264367952195e+01 3.878682989313564367e-02 1.436834359813787820e-03
4.830162275879657585e+01 3.882110898672135740e-02 1.461336724215128767e-03
4.845851778780102848e+01 3.873346191358854884e-02 1.479282704684870518e-03
4.861520715314837560e+01 3.876123705740315561e-02 1.480745916328996079e-03
4.877242153506116296e+01 3.873738558996880216e-02 1.483277713003438051e-03
4.892970299330707462e+01 3.871099724471899900e-02 1.476078390744163396e-03
4.908687730184542630e+01 3.874028477321474206e-02 1.474953044313698529e-03
4.924388320254833218e+01 3.869973863542720133e-02 1.502528227057746456e-03
4.940103443741363520e+01 3.874570953746261232e-02 1.489971066234075606e-03
4.955831508412312303e+01 3.872697907088214209e-02 1.474400864577306292e-03
4.971529298264005092e+01 3.875838204026868516e-02 1.493229673890496571e-03
4.987219821721060953e+01 3.878012267810707764e-02 1.480147883582118729e-03
5.002932603361167452e+01 3.882232172228736872e-02 1.505845606950807119e-03
5.018631556218895895e+01 3.886159317628563870e-02 1.530682676512947447e-03
5.034318046550159664e+01 3.888772768284615849e-02 1.536416699526127645e-03
5.050027700963133270e+01 3.893661208306745114e-02 1.524029542717705724e-03
5.065760132077017630e+01 3.897212615501746691e-02 1.532301707318021013e-03
5.081468395693172369e+01 3.904645464285411149e-02 1.522205491977907848e-03
5.097152509422535616e+01 3.908553622454589982e-02 1.532802108286042452e-03
5.112862248776254148e+01 3.914070418256394845e-02 1.529753780092003596e-03
5.128592090654180424e+01 3.923302223858302074e-02 1.560197519350540801e-03
5.144309555085856545e+01 3.932120066831694405e-02 1.559892980759277400e-03
5.160011158510122442e+01 3.940908188315162680e-02 1.572120350454352371e-03
5.175731960526265141e+01 3.950264400863050251e-02 1.566560739060148628e-03
5.191461796314855093e+01 3.954869292367946265e-02 1.548195750611836181e-03
5.207135607669539468e+01 3.970495146105423867e-02 1.550160020123112891e-03
5.222806478446842959e+01 3.978344732936719280e-02 1.554791310209914209e-03
5.238543254445986008e+01 3.991509177444799161e-02 1.559347799833238476e-03
5.254257611595600252e+01 4.005457499050748410e-02 1.568416388593793422e-03
5.269931833415011369e+01 4.017111685765082513e-02 1.561730784028201409e-03
5.285639491892390396e+01 4.032307659616377743e-02 1.565345846470148636e-03
5.301344724624242843e+01 4.040259298973978425e-02 1.597089639172916522e-03
5.317051876980443836e+01 4.063435709580990457e-02 1.614499593033380358e-03
5.332766755103651235e+01 4.070994447015172796e-02 1.609687315287144753e-03
5.348500298077735948e+01 4.089942417554325721e-02 1.622813849521028470e-03
5.364223496464932595e+01 4.106337367099036073e-02 1.636994125271621324e-03
5.379894742060574231e+01 4.122265602949412577e-02 1.647379083212681785e-03
5.395600833673379526e+01 4.144098238611237939e-02 1.648759747798999231e-03
5.411326202300976718e+01 4.153792760899257391e-02 1.662941036011949961e-03
5.427042920719081565e+01 4.174391250765545347e-02 1.679993721305118566e-03
5.442747824826232517e+01 4.190231500626748207e-02 1.685881334861315728e-03
5.458441850666565642e+01 4.200693097635847112e-02 1.739435554903105132e-03
5.474136316151507486e+01 4.226206671127313158e-02 1.746269174117505516e-03
5.489845354594736193e+01 4.226334201828745030e-02 1.736419034731606376e-03
5.505543071674868116e+01 4.268556472150012576e-02 1.731849955232454266e-03
5.521246252122121234e+01 4.262101647206048560e-02 1.749587175279549269e-03
5.536984311615618992e+01 4.286660084534828219e-02 1.755468596505289653e-03
5.552689545859513487e+01 4.297459038879705706e-02 1.770379355492202175e-03
5.568345304981696842e+01 4.301055007933788504e-02 1.808016361248582660e-03
5.584069806587591955e+01 4.316459557524562896e-02 1.781414077873276014e-03
5.599821974258232160e+01 4.311751133449272938e-02 1.810534676618231857e-03
5.615502105568013036e+01 4.332078494318814671e-02 1.830575966986266968e-03
5.631202680508972236e+01 4.315746300911870587e-02 1.795459842026310990e-03
5.646899832525830476e+01 4.311368715893755532e-02 1.841462611827861034e-03
5.662594416693222854e+01 4.306774370039802985e-02 1.852154404224268160e-03
5.678259778611094788e+01 4.291927040120093600e-02 1.845743332950184733e-03
5.693974320550065471e+01 4.268352955703199475e-02 1.821520838015234546e-03
5.709745763556057341e+01 4.258381590344764711e-02 1.855514383693450658e-03
5.725425030629697432e+01 4.253801561461245662e-02 1.898166862696767498e-03
5.741133935045357362e+01 4.256857397839151902e-02 1.859286083531497616e-03
5.756884321301916430e+01 4.245768757570415886e-02 1.832920291487686454e-03
5.772583149644106726e+01 4.253956012488058214e-02 1.894825790249748390e-03
5.788266851229413135e+01 4.257389260491462046e-02 1.847927531012488181e-03
5.803962257639496869e+01 4.255324035405971123e-02 1.887158563724113071e-03
5.819689621995856754e+01 4.264317952079764440e-02 1.900862508320929527e-03
5.835388594986143573e+01 4.270329587464319343e-02 1.933043059089084061e-03
5.851048421778040876e+01 4.285884930506941165e-02 1.917859949654879097e-03
5.866767751707434542e+01 4.286081478087182262e-02 1.899895119527586582e-03
5.882508228998036515e+01 4.293424339889777286e-02 1.920928862570907844e-03
5.898224736123371770e+01 4.309465269622867606e-02 1.973634745750751235e-03
5.913884692477888905e+01 4.329081194154713735e-02 1.966146050858022434e-03
5.929564464283270553e+01 4.326625900142424402e-02 2.017189430513645527e-03
5.945352258001084778e+01 4.349385564003245552e-02 2.081031164275068922e-03
5.961070231467085279e+01 4.372514827717560726e-02 2.053467279867829225e-03
5.976731456083252425e+01 4.389983799421893346e-02 2.083057008920852042e-03
5.992470345964100886e+01 4.408952085700731938e-02 2.043131041675105754e-03
6.008258871068673557e+01 4.427354951241389142e-02 2.142852214693886578e-03
6.023932684135217386e+01 4.450552100001696487e-02 2.158803334993138201e-03
6.039577003462449767e+01 4.471838167973728184e-02 2.279530502929330224e-03
6.055359641907271140e+01 4.485105259940652678e-02 2.175652071546905261e-03
6.071075143884250735e+01 4.520428738811210073e-02 2.231888604843565872e-03
6.086694421945293243e+01 4.543164786113492587e-02 2.251446132216468072e-03
6.102425531444302464e+01 4.562220391713151663e-02 2.309031050780121878e-03
6.118247453171182570e+01 4.590666470703902435e-02 2.348025607914683982e-03
6.133922796139895439e+01 4.628619378399663475e-02 2.404825159542152251e-03
6.149500095360918550e+01 4.663054523852003252e-02 2.435166181441648491e-03
6.165273087261874707e+01 4.686546923041716439e-02 2.468767950256228489e-03
6.181035768224073479e+01 4.724611806042888773e-02 2.497214088012755275e-03
6.196658879224211347e+01 4.768897244818986331e-02 2.498662959918230425e-03
6.212335790698150362e+01 4.803529131611068703e-02 2.509914999337973726e-03
6.228107077783446499e+01 4.835096327112570203e-02 2.567975090527917746e-03
6.243888440645920923e+01 4.879916281144036638e-02 2.534578721437584156e-03
6.259509475519177357e+01 4.933923505880730837e-02 2.720213545087162010e-03
6.275126133402213213e+01 4.966994246856450829e-02 2.615693313742774914e-03
6.290970383392785692e+01 5.011862909855931136e-02 2.577402495961839644e-03
6.306742373223402609e+01 5.062253504829770934e-02 2.636596922009776852e-03
6.322280294943617918e+01 5.135908307093925429e-02 2.732668815087534522e-03
6.337987377443261039e+01 5.166184468775167349e-02 2.637572476483918214e-03
6.353882537730356006e+01 5.223605755519639821e-02 2.702468417904377741e-03
6.369583997100188810e+01 5.291531271811815429e-02 2.836192337739418430e-03
6.385069315579813320e+01 5.363604646238474827e-02 2.767897313308886279e-03
6.400839299893164025e+01 5.401193390547728845e-02 2.901992294634237086e-03
6.416809543670143512e+01 5.481901138343337615e-02 2.950810859067264265e-03
6.432368783513420851e+01 5.561630144102118478e-02 2.996125274405405606e-03
6.447781313266034431e+01 5.629973351960591149e-02 2.938132276738032646e-03
6.463688740304701241e+01 5.702828866999147539e-02 3.127384762703748228e-03
6.479625487617632018e+01 5.794048495686821704e-02 3.438306055955930342e-03
6.495148303704421267e+01 5.871022921292151642e-02 3.417988371149509839e-03
6.510742899732220224e+01 5.934995903531710415e-02 3.442657681595517015e-03
6.526686243779083441e+01 6.029373810366869119e-02 3.645698389783517696e-03
6.542332085458025404e+01 6.131029228958508742e-02 3.578465725252817295e-03
6.557521362548898480e+01 6.217920595769719366e-02 3.664988688297425232e-03
6.573493827371439124e+01 6.316460673475399190e-02 3.851128203197046532e-03
6.589776439269822106e+01 6.441280768579969729e-02 3.913499258084971767e-03
6.605074465606993783e+01 6.559195285888312632e-02 4.068482420084803750e-03
6.620098780477589173e+01 6.638389257838551993e-02 4.376618992074653852e-03
6.636352405735766524e+01 6.771252321806618679e-02 4.631053847433968043e-03
6.652950706440147144e+01 6.890958884178276234e-02 4.708092076012372271e-03
6.667987868647104222e+01 7.022106997939210615e-02 4.447465137481701643e-03
6.682727252513147675e+01 7.135926320281078816e-02 4.392796454909294289e-03
6.699329411113721733e+01 7.283063563228141246e-02 4.781757547618636396e-03
6.716167327558071065e+01 7.437874223972051890e-02 4.926964042578308757e-03
6.730495891174597034e+01 7.546816336211929765e-02 4.445634171951941792e-03
6.744911693033651545e+01 7.686548393945119573e-02 5.131739707648230557e-03
6.762229848423206136e+01 7.854038725137697796e-02 4.732591302281098991e-03
6.779550657872420061e+01 8.107151646228114017e-02 5.718590609145192578e-03
6.792744758467283361e+01 8.225012904239681344e-02 5.782535303474485230e-03
6.806966116498493591e+01 8.416871604093444093e-02 5.375720943469395989e-03
6.824869617173445135e+01 8.569259888384500590e-02 4.986407583890736100e-03
6.842663219513711681e+01 8.832189611483770575e-02 7.789853641814096889e-03
6.856220509771767979e+01 9.025195140734018628e-02 8.271430030376033041e-03
6.869683295929898748e+01 9.251613120045337757e-02 7.655501162988007958e-03
6.887607845862255829e+01 9.687650476365312902e-02 9.175785754542524486e-03
6.905498360928540080e+01 9.907023709034960823e-02 1.018378721385610440e-02
6.919731970468525617e+01 1.039779079547888813e-01 1.660309160606377940e-02
6.932079956170674961e+01 1.027450365247639247e-01 1.538084016429635756e-02
6.949139529302948404e+01 1.108993690592205567e-01 2.726999746561427698e-02
6.964989558659395641e+01 9.182525142619399339e-02 1.379727624742238534e-01
