2.224910306174238406e-01 -9.670037257941147546e-01 4.824296089956912503e+00 4.759162476799724040e+00
3.769780541266394280e-01 -9.246617737248467028e-01 4.167039840869231959e+00 3.364473650501900170e+00
5.361975466142091529e-01 -7.939647225762922478e-01 1.438964578417402551e+00 1.499740993194917937e+00
6.959151941223191695e-01 -6.293030361232196945e-01 9.729384500799027613e-01 8.728877514816223426e-01
8.587749464508526165e-01 -3.767334276093431966e-01 6.530822385279747566e-01 5.736666536413830286e-01
1.011971690356436415e+00 -3.082951785033700154e-01 4.589870086143529315e-01 3.234456980077300425e-01
1.169179170893919872e+00 -1.853953454630452580e-01 3.043426714007020362e-01 3.409087231002534968e-01
1.327056275441487854e+00 -1.438245758384827655e-01 2.170408024248593470e-01 2.602934833692923666e-01
1.486340610235147519e+00 -5.695932241982434308e-01 2.355558090243585756e-01 2.037124878517435345e-01
1.644056203647197956e+00 -3.907917993852603189e-01 1.944434803077758900e-01 1.647716814015638964e-01
1.799158226674683947e+00 -5.095897830831348507e-01 1.662181350304503813e-01 1.442766400852542319e-01
1.956965228922086908e+00 -4.928388787898121404e-01 1.269242017926648924e-01 1.348817731595427227e-01
2.117599736458634752e+00 -6.150330223597182400e-01 1.121088950674873214e-01 1.040253365040450240e-01
2.274213655131842593e+00 -5.432057181088620901e-01 9.840668138037675372e-02 8.577885497231861611e-02
2.430197444207553126e+00 -4.988670291760218256e-01 9.019613682585693459e-02 9.330353178097183786e-02
2.586907597398416137e+00 -5.308456766388330861e-01 9.989508676464597947e-02 7.427700456786652528e-02
2.743941110636397784e+00 -5.597922983077963099e-01 7.525772942230495033e-02 7.013166173644873325e-02
2.901357711950232954e+00 -5.596428609323618186e-01 7.835712975736691677e-02 6.492027591306617773e-02
3.059174166343713086e+00 -6.281838178857575006e-01 7.265333177295216216e-02 5.901102341606119517e-02
3.217043157725734570e+00 -5.270847342703769423e-01 7.120987504147614777e-02 5.383362695788889568e-02
3.373752004160201601e+00 -5.685623204173682055e-01 6.794385376352440886e-02 4.801674275009450155e-02
3.529873897105368918e+00 -4.581800639858586432e-01 6.159917014926975798e-02 5.141377184730051147e-02
3.687833939368670766e+00 -5.698532981690542787e-01 6.028193663462770580e-02 5.149139647745828302e-02
3.844662685630670929e+00 -5.370853897347697137e-01 5.266582158190380447e-02 4.509459619902111971e-02
4.001643860127775731e+00 -5.294988050694922066e-01 5.532704082567730525e-02 4.172846082937532730e-02
4.159977921717700866e+00 -4.676006686181325422e-01 4.891048286326987043e-02 4.049422807521679130e-02
4.317989114441106224e+00 -5.167172296937964093e-01 4.574495227233991990e-02 3.863884320187688931e-02
4.474413033442711018e+00 -5.347518155459080047e-01 4.549327150638396433e-02 3.757923905078221216e-02
4.630884226619629729e+00 -5.217990092843539651e-01 4.221933160823604370e-02 3.800889453014438812e-02
4.787016968352893365e+00 -5.228715140863151589e-01 3.963970113941750473e-02 3.716300112427340513e-02
4.944724671628838664e+00 -5.349601168904740689e-01 4.163752719945904707e-02 3.464488138756851437e-02
5.102344338619310804e+00 -5.449597745104793889e-01 3.926392155564362857e-02 3.327847745225896714e-02
5.259848256524614740e+00 -5.076507516920532037e-01 3.398744835646782397e-02 3.328532079917082692e-02
5.417274274555754054e+00 -5.517590706942523404e-01 3.437790700110530950e-02 3.063998434406345339e-02
5.574250703040379840e+00 -5.433419776636118081e-01 3.285444606092386560e-02 3.040762974132497215e-02
5.731550067715854624e+00 -5.699621850427099012e-01 3.142429713224328264e-02 2.821320467947393412e-02
5.887853770917030438e+00 -5.106163229124904834e-01 3.129231050169579975e-02 2.692800532431745969e-02
6.044776459544647373e+00 -5.609029067049261519e-01 2.933293400260720413e-02 2.664268149112040268e-02
6.202141348599048420e+00 -5.106036250598841031e-01 2.837249675048244060e-02 2.391330202064196470e-02
6.358730642182385928e+00 -5.745278954447918807e-01 2.983831401950819487e-02 2.298495619445461990e-02
6.515835629712012356e+00 -5.926741342668203627e-01 2.934969603472162986e-02 2.386514885776165953e-02
6.673143427242401060e+00 -5.147747967436584471e-01 2.719950540541268141e-02 2.271439740772204438e-02
6.831058357852889174e+00 -5.593889031120634625e-01 2.656508711446030346e-02 2.037805731735796780e-02
6.988824200211039894e+00 -5.713142980926732006e-01 2.588794048270897166e-02 1.993126182260668636e-02
7.145915730786232878e+00 -5.516130869046246277e-01 2.478960044661599263e-02 1.941781496650119357e-02
7.302190678485778186e+00 -5.987198407704938941e-01 2.457987397913552821e-02 1.882989875685438935e-02
7.458624611099556212e+00 -6.021800617640217235e-01 2.377363029717956613e-02 1.844404358822461162e-02
7.615956598517993115e+00 -6.137086552066264300e-01 2.297669685463647749e-02 1.687871632188812573e-02
7.773197817507992546e+00 -5.421327790904203470e-01 2.164913850871682047e-02 1.675765926480354134e-02
7.930420429045994979e+00 -6.010806753150818027e-01 2.117227462790323075e-02 1.586315984954575486e-02
8.087968919861056705e+00 -5.871602779225076896e-01 2.037660485438977029e-02 1.513603481531203276e-02
8.245420543875988884e+00 -5.548071088011515828e-01 1.940309840239287306e-02 1.439635571825753635e-02
8.402941073642891112e+00 -5.805047079670798693e-01 1.876951238559074545e-02 1.458817719057212831e-02
8.559250939273184144e+00 -5.564852363667263102e-01 1.826036191341491588e-02 1.363527481736795388e-02
8.716195481665673483e+00 -5.677379002129141483e-01 1.719216321062744246e-02 1.308617739124454810e-02
8.873529036028294570e+00 -5.733166803305513870e-01 1.660381599557132770e-02 1.265131671292757214e-02
9.029792338552599773e+00 -5.044113615278265073e-01 1.627600180120877815e-02 1.228211231678449922e-02
9.186917723908930355e+00 -5.634930364124559610e-01 1.529171305309812330e-02 1.166161146303053113e-02
9.344119488193976863e+00 -5.486586150603095513e-01 1.469947729621251184e-02 1.127482624953430809e-02
9.501635078687829861e+00 -5.948298912610483491e-01 1.430548473284914794e-02 1.077066831749874144e-02
9.658849653149557568e+00 -5.872475675508871396e-01 1.333897229208239402e-02 1.052248435263370557e-02
9.815350453411124221e+00 -5.479024336114660665e-01 1.356940902653214730e-02 1.011748605046217109e-02
9.973161250804835731e+00 -5.346213047106811445e-01 1.254176115446671916e-02 1.044071528808345438e-02
1.013018311144207040e+01 -5.319810984795230180e-01 1.213053848206738922e-02 9.361661350786074087e-03
1.028729119392619218e+01 -5.725906667926702331e-01 1.194048820987339728e-02 9.291306801116457070e-03
1.044453568029122792e+01 -4.842211218294624198e-01 1.106444913696989947e-02 9.317738329862115809e-03
1.060100162181282712e+01 -5.444079951866636069e-01 1.093378549803108828e-02 8.522588692109759473e-03
1.075856422567547988e+01 -5.349797297435338050e-01 1.084136143286361896e-02 8.319864496983934640e-03
1.091589640063906330e+01 -5.576165215330282088e-01 1.025706696876059476e-02 7.814961095176870334e-03
1.107249045805190768e+01 -5.649249973655446899e-01 1.034170266302249751e-02 7.751774190202900643e-03
1.122908604632464780e+01 -5.887091748430258731e-01 9.619775087758861490e-03 7.211426813794228133e-03
1.138603536563683072e+01 -4.915621444273434171e-01 9.463281121134075463e-03 7.307120296248682118e-03
1.154408617575264451e+01 -5.644482031443784908e-01 8.938837104331937011e-03 6.802612982411575249e-03
1.170161060505927608e+01 -6.078901063095422108e-01 8.825791407009415251e-03 6.627740428042668171e-03
1.185871310691091374e+01 -5.995429149329892793e-01 8.387483654159691090e-03 6.505677550572760634e-03
1.201589034203849948e+01 -5.952577293423146898e-01 7.962179617755549624e-03 6.151139714981008338e-03
1.217254814597174217e+01 -5.610088782005289154e-01 7.785463388016397070e-03 5.967672655838814066e-03
1.232924274899989037e+01 -6.324993417040765120e-01 7.583803507870113224e-03 5.820152503754249564e-03
1.248626686786133888e+01 -6.094066801602746608e-01 7.504921869198106187e-03 5.682296144187356374e-03
1.264289762833855235e+01 -5.589520247368569006e-01 7.238494850295311422e-03 5.687561065650277581e-03
1.279980999067023717e+01 -6.181472793488341777e-01 6.955249376138985563e-03 5.392297453265847487e-03
1.295781524442101507e+01 -6.208751561194618684e-01 6.629529768602429422e-03 5.143681034648058502e-03
1.311522409507274922e+01 -5.728890896426074297e-01 6.565199794883676970e-03 5.060478171391019631e-03
1.327189327120834150e+01 -6.245915084415933904e-01 6.366123688526040443e-03 5.141672668789428260e-03
1.342893381986681511e+01 -5.826631875368010194e-01 6.065400105355657663e-03 4.700798249553553125e-03
1.358644890945947914e+01 -6.407280021438550577e-01 5.946770500509721870e-03 4.650577102703394756e-03
1.374357663098054338e+01 -6.266737997514723046e-01 5.909666555562785063e-03 4.647700858419923954e-03
1.389984356875444504e+01 -5.737710265036073398e-01 5.670298244434227898e-03 4.557450702504483621e-03
1.405713669152414269e+01 -6.412512919049231375e-01 5.475443568731484627e-03 4.284231014897423896e-03
1.421502884306816483e+01 -6.171043541037557478e-01 5.382020397164971430e-03 4.159903856302792080e-03
1.437201147355519737e+01 -6.375013685348811521e-01 5.209018268319925461e-03 3.961956087118100912e-03
1.452887552585139908e+01 -6.131768994833948216e-01 5.115294986730621087e-03 3.929530984994589020e-03
1.468598624165242050e+01 -6.222599246373463622e-01 5.040134518369141815e-03 4.052818750637187523e-03
1.484294055074224872e+01 -6.214224273878229399e-01 4.813603506390936627e-03 3.752543538815062991e-03
1.499992988698420504e+01 -6.190826208322675051e-01 4.562627918512487078e-03 3.739457131594497736e-03
1.515669778781069255e+01 -6.113667890644810532e-01 4.378857855772604578e-03 3.436378236099016121e-03
1.531367394111133606e+01 -6.078096027544939162e-01 4.375438778602043673e-03 3.552703004216443104e-03
1.547119433260378685e+01 -5.729069935462632879e-01 4.114804497682849477e-03 3.438979667168563879e-03
1.562827641859474781e+01 -5.931354855058404985e-01 4.019686495954665102e-03 3.343160192464076762e-03
1.578506862595802573e+01 -5.332242866605952925e-01 3.807238361010598267e-03 3.268412936516687170e-03
1.594250890683013822e+01 -5.534027128369201076e-01 3.855928381941528538e-03 3.213120027053631336e-03
1.609964445828639157e+01 -6.066851746156083358e-01 3.713076931198152925e-03 3.063534943491213244e-03
1.625671354291527848e+01 -5.897096191005506416e-01 3.498103033029814363e-03 3.039362673130098415e-03
1.641396529424759620e+01 -5.526042080778210686e-01 3.503151721440472387e-03 3.010415726678334920e-03
1.657092320589813284e+01 -6.268941860336985084e-01 3.448912356027191393e-03 2.932117778741195370e-03
1.672796361240548535e+01 -5.852588565861206460e-01 3.371709066480288366e-03 2.960776699294446167e-03
1.688517549643901461e+01 -5.466496370914832870e-01 3.164863001900185269e-03 2.929720857065419744e-03
1.704208878648300995e+01 -5.989828326369328604e-01 3.142408936292136017e-03 2.821641545223799001e-03
1.719898133465424550e+01 -5.854441452374720134e-01 2.986785729312830661e-03 2.609003765475633330e-03
1.735586079259882908e+01 -5.974662506707615339e-01 3.009943174375528507e-03 2.625261619285584012e-03
1.751293850608684366e+01 -6.006479549288997744e-01 2.879884744502296708e-03 2.560674343180109960e-03
1.767031239152179367e+01 -6.114270553919478601e-01 2.854804320256720731e-03 2.497669858612501948e-03
1.782754752418730249e+01 -6.006699788194115319e-01 2.801746451387171054e-03 2.416637586616956958e-03
1.798479562792856612e+01 -5.942418747008521018e-01 2.731640051021355566e-03 2.313135092030909820e-03
1.814208451899528285e+01 -5.817839938979582071e-01 2.731592152591327295e-03 2.268627852280237327e-03
1.829913170677337320e+01 -6.095746012403003844e-01 2.612529170859163342e-03 2.083087315568372608e-03
1.845626997621230814e+01 -5.790193187732646241e-01 2.473634775656901718e-03 2.173461946805385191e-03
1.861316460528984251e+01 -5.956915147161528923e-01 2.482648887205733419e-03 2.103235626632642217e-03
1.876967775485677947e+01 -5.533412381950850722e-01 2.325217253310055739e-03 2.004838646297694722e-03
1.892689616329011315e+01 -5.667656650348036340e-01 2.380643867726921128e-03 1.965337027497532189e-03
1.908410308400239330e+01 -5.707486948220524825e-01 2.308048540907127293e-03 1.976866785320090508e-03
1.924115739965566618e+01 -5.620400272356553817e-01 2.293402618905438124e-03 1.967495412834895704e-03
1.939848716293853315e+01 -6.045700018735526982e-01 2.210066286788238670e-03 1.841349956848710012e-03
1.955582285497396455e+01 -6.332503079270221935e-01 2.162513882131521497e-03 1.858033363543087598e-03
1.971328734130059956e+01 -5.880774116714907462e-01 2.130534117862006947e-03 1.755885541232378574e-03
1.986974141744880384e+01 -5.907336574800611251e-01 2.113466890628586982e-03 1.767588500263072128e-03
2.002622774148088425e+01 -5.507881227324974427e-01 2.028224445337355446e-03 1.713125340715323163e-03
2.018341015431840191e+01 -5.878371716763739485e-01 2.026027056416922038e-03 1.751126548457857240e-03
2.034057372093466398e+01 -5.875015868108470762e-01 2.034577926351518150e-03 1.703960640746026789e-03
2.049788249740258905e+01 -5.589519015681057024e-01 1.925031262126406309e-03 1.657470131571353936e-03
2.065488159098197229e+01 -5.480927829349083735e-01 1.826861408522437169e-03 1.632376137042880569e-03
2.081224267520101279e+01 -5.866673644512072627e-01 1.804522016266663391e-03 1.580226135522712957e-03
2.096989827302694565e+01 -5.750209073890364397e-01 1.793361123951136725e-03 1.542531133109861004e-03
2.112658659925761029e+01 -5.799260501558686220e-01 1.844909230218392572e-03 1.508650910757178493e-03
2.128320716890661757e+01 -5.399887585694633785e-01 1.762070176999182801e-03 1.542291382654113578e-03
2.144049565975502247e+01 -5.478653087834450819e-01 1.734387755328317465e-03 1.472829447125580853e-03
2.159764619265603613e+01 -4.992477353067645840e-01 1.688709980498388254e-03 1.432325322002762046e-03
2.175459686371899437e+01 -5.306726805625171517e-01 1.653886776897477368e-03 1.382184889898934767e-03
2.191160274018816878e+01 -5.588143473543416562e-01 1.610742188937025823e-03 1.444186952747147533e-03
2.206875968349933714e+01 -5.457323142017548312e-01 1.586553030834789895e-03 1.349825532679937079e-03
2.222583192098467109e+01 -5.228202026402964941e-01 1.585850191004912818e-03 1.283712512223007503e-03
2.238271061778281634e+01 -5.184523057283892955e-01 1.507730962865213003e-03 1.325539215123814306e-03
2.253989130416773889e+01 -5.209015563449562736e-01 1.441229263028700851e-03 1.302462352449912895e-03
2.269708332023706987e+01 -5.127717434658233264e-01 1.467556845826865864e-03 1.258143952088872130e-03
2.285436026579965940e+01 -5.451286976477053292e-01 1.472472097782613230e-03 1.222798741778772721e-03
2.301157704429403594e+01 -5.018616603411691912e-01 1.454828076540285852e-03 1.196963871289858945e-03
2.316858603816177720e+01 -5.665133075392568829e-01 1.343520857664574734e-03 1.142957518756166713e-03
2.332581049338731916e+01 -4.844125887927763219e-01 1.343102603631664716e-03 1.105646077637217678e-03
2.348316446393469548e+01 -5.228402446450272079e-01 1.376445268902885431e-03 1.050349873384430217e-03
2.363993702599548996e+01 -5.161234737203969081e-01 1.323561145375999658e-03 1.088007673861082596e-03
2.379665004636292736e+01 -5.469644663548435259e-01 1.332155112096318353e-03 1.012690378386037031e-03
2.395353313882959512e+01 -5.335590342613496517e-01 1.280810130254871840e-03 9.974403263653039680e-04
2.411087736277276505e+01 -5.365231129188626769e-01 1.315655540451247333e-03 9.823406787443165599e-04
2.426838908392062066e+01 -5.158948023009023442e-01 1.271817472149629896e-03 9.975143278532665799e-04
2.442520192112507260e+01 -5.713196297816300895e-01 1.233229619491143896e-03 9.246564125524077546e-04
2.458205831340853464e+01 -5.241897435395107552e-01 1.240493525827307758e-03 9.207832715524758146e-04
2.473892422991668383e+01 -5.680214163197148114e-01 1.255097819519916278e-03 8.777998412930673993e-04
2.489614075480276867e+01 -5.679980832731361673e-01 1.206737478049342994e-03 8.869894364990618587e-04
2.505340526859593098e+01 -5.359467775033317505e-01 1.208854989723497043e-03 9.054810803761937374e-04
2.521012063337838427e+01 -5.728307368691181178e-01 1.207705401524288100e-03 8.721720892230097827e-04
2.536735374590608671e+01 -5.932249270427488730e-01 1.131574719165648248e-03 8.995864430826996157e-04
2.552481388593243139e+01 -5.613532926792816902e-01 1.162039605943887425e-03 8.851002654339655985e-04
2.568184951093486035e+01 -5.466907660005057012e-01 1.077479442319367224e-03 8.340857877081236981e-04
2.583897954740043090e+01 -5.066840411454074378e-01 1.087947111091108667e-03 8.191028035203675849e-04
2.599618893481487447e+01 -5.223804256756797715e-01 1.055772830626770450e-03 7.917502063927018933e-04
2.615317437358262609e+01 -5.074500269453537937e-01 1.050699719576463076e-03 8.292178156783984542e-04
2.631008592027571424e+01 -4.903483629684512457e-01 1.029050329561163402e-03 7.851562810014159994e-04
2.646701761629021732e+01 -5.109795277711858263e-01 1.042037414843968203e-03 7.851843334984632975e-04
2.662410832664473048e+01 -5.279932888362222076e-01 1.009651742836376693e-03 7.557199591975492618e-04
2.678141943602088659e+01 -5.034746542721224571e-01 9.849825594814378728e-04 7.542703927659466382e-04
2.693860122002694979e+01 -5.176793061803280915e-01 9.886245452479954215e-04 7.737507990751618572e-04
2.709562050470108829e+01 -5.495769421480425354e-01 9.347500222916057698e-04 7.830578580443361926e-04
2.725270059857041716e+01 -5.620208528589083485e-01 9.585069448176203278e-04 7.283642998259503166e-04
2.740974164891607856e+01 -5.900266387190095108e-01 9.465983148793484991e-04 7.416647536006548127e-04
2.756702830147103711e+01 -5.410830084251173622e-01 9.117340118059449839e-04 6.953271858058953335e-04
2.772407618987199740e+01 -5.185964365112967212e-01 9.217248737346014475e-04 7.055376772504473506e-04
2.788063571159398180e+01 -4.690854810514679674e-01 8.863978290580615997e-04 7.043680960361333940e-04
2.803755319036919502e+01 -4.978288954821076806e-01 9.059218414688390139e-04 7.198658781483133770e-04
2.819481434561980038e+01 -4.682414544144702373e-01 8.889326073110829802e-04 6.923068255776416860e-04
2.835223881670957269e+01 -4.962106589157310732e-01 8.336377951444088946e-04 6.989710599592395589e-04
2.850910124126014722e+01 -4.420661664473092833e-01 8.257403741434708082e-04 6.799817001035504032e-04
2.866597950802448835e+01 -4.349027338817054722e-01 7.839627733683591799e-04 6.507308685356167710e-04
2.882356032479124863e+01 -4.226841174783632638e-01 7.963459768257550014e-04 6.321198900229268829e-04
2.898072266877696634e+01 -4.476726081869457086e-01 8.158576030362766403e-04 6.347158952820345940e-04
2.913771804718169989e+01 -4.678356854417897170e-01 7.770246934742856652e-04 6.389957525821031393e-04
2.929482690640525533e+01 -4.670958012598772080e-01 7.722565262438946254e-04 6.344321188360442900e-04
2.945218590924147151e+01 -4.789994512225321244e-01 7.804677827986602773e-04 6.146307297845949669e-04
2.960919135628817145e+01 -4.754619555083652305e-01 7.385354722786719155e-04 6.206826990989136377e-04
2.976586605748166647e+01 -4.815762866654259566e-01 7.412957275663192543e-04 6.460585647467297684e-04
2.992280522086002037e+01 -4.604785353297700667e-01 7.044967605100136733e-04 6.234048088467849429e-04
3.008003943385365275e+01 -4.551915662308052002e-01 7.114538349006672849e-04 6.235805790748037225e-04
3.023717111104264532e+01 -4.325356674605327911e-01 7.266423760148195410e-04 6.118965284569813107e-04
3.039409755187024942e+01 -4.371358518002471660e-01 6.984662216001730163e-04 6.083116282652976936e-04
3.055124387927866536e+01 -4.800739876276761131e-01 6.882565261716729011e-04 6.224897156241310757e-04
3.070851541553717468e+01 -4.177241916432289370e-01 6.619357468608963674e-04 6.060479429646939246e-04
3.086582466442332162e+01 -4.612718493398724751e-01 6.633960156299885304e-04 5.821086958937580005e-04
3.102255617942141086e+01 -4.680575173475177708e-01 6.517999636798217037e-04 5.800505179751088000e-04
3.117937097861718598e+01 -4.586461216953837128e-01 6.467973005935245259e-04 5.846378672177307253e-04
3.133663649833605547e+01 -5.095728525778544515e-01 6.608205756726727312e-04 5.765604083903682307e-04
3.149374879730445898e+01 -4.839916347422311138e-01 6.424386774818915003e-04 5.556718082146518741e-04
3.165080357818134615e+01 -5.504025621480828079e-01 6.126493015929952018e-04 5.616926283676515605e-04
3.180790721180015979e+01 -4.714265012330323690e-01 6.252502082691456823e-04 5.340359223906105931e-04
3.196510387646553397e+01 -4.379590671046631467e-01 6.068340080900644232e-04 5.337338806156681622e-04
3.212216472333984285e+01 -4.652211030506367972e-01 6.074498909802171541e-04 5.291041381645955090e-04
3.227938550166457787e+01 -4.984228817988912152e-01 6.141207221694725601e-04 5.345859547375446299e-04
3.243664315934430675e+01 -4.360595549281446881e-01 5.960119094879679251e-04 5.206131740113697235e-04
3.259354567529860702e+01 -4.470640583945493796e-01 5.952517608353226786e-04 5.015448276351892583e-04
3.275043307306903984e+01 -4.134731388963834853e-01 5.970763394015888518e-04 4.952585538522707347e-04
3.290753619157217003e+01 -4.411566534313239307e-01 5.543297725074598000e-04 5.134874477298481763e-04
3.306466900908257855e+01 -4.306691791021434734e-01 5.672291274533196401e-04 5.068899877346618073e-04
3.322163731132186371e+01 -4.378666598965914036e-01 5.683667595892535288e-04 4.909162825637267439e-04
3.337862012386388955e+01 -3.816951778345186730e-01 5.412920385495514301e-04 4.869391193550037258e-04
3.353601290680687441e+01 -3.431611998838108857e-01 5.465554699715280580e-04 4.776882917005988811e-04
3.369327171042736069e+01 -3.694271006730347473e-01 5.358823192728108835e-04 4.894086617274074485e-04
3.385003974987193942e+01 -3.928593076780410032e-01 5.573312615312012034e-04 4.769511036592470740e-04
3.400706523244446089e+01 -3.897150024345796271e-01 5.355512589250728929e-04 4.834237123794459835e-04
3.416414216143994054e+01 -3.965267579890237037e-01 5.351621669602214153e-04 4.718566141067058527e-04
3.432128746206081615e+01 -3.703332945072365656e-01 5.209029820286920423e-04 4.611759354718270379e-04
3.447838432323504065e+01 -3.401855851483562287e-01 5.270591493968873002e-04 4.465544602845717358e-04
3.463523917872642954e+01 -3.389258341195667823e-01 5.126053950168803870e-04 4.526493467343857329e-04
3.479246603048247977e+01 -3.898576124602379789e-01 5.160205796769519026e-04 4.283093029095566854e-04
3.494961128598676936e+01 -3.447158247133044195e-01 5.032170171340571161e-04 4.398983351881006186e-04
3.510669708522954835e+01 -2.782758604424446780e-01 4.966675848374071337e-04 4.330591446385997239e-04
3.526386948712173108e+01 -2.798201377568090287e-01 5.014927070422100196e-04 4.345497607228252304e-04
3.542094583868663449e+01 -2.752999399037360240e-01 4.968254928561637593e-04 4.294135083986095236e-04
3.557795442967842803e+01 -3.026552889835208426e-01 4.838211149574933958e-04 4.327067007098912474e-04
3.573494502910600090e+01 -2.761225940437745385e-01 4.968166483275580567e-04 4.268837077884167150e-04
3.589217304556967747e+01 -3.045546205420170405e-01 4.693808332611207291e-04 4.423764045494465893e-04
3.604942804423248504e+01 -2.633959826121020087e-01 4.774048651421378998e-04 4.227527561382074745e-04
3.620634169633331112e+01 -2.469961646098785546e-01 4.613770126441364000e-04 4.197751180604319802e-04
3.636330872430431782e+01 -2.628649950635607579e-01 4.627600439365075298e-04 4.261078898640656312e-04
3.652048297879699845e+01 -3.132031439384524996e-01 4.621437805527312654e-04 4.291198721069141328e-04
3.667775911005065836e+01 -2.426881618382593364e-01 4.525760835012601038e-04 4.355388728165186752e-04
3.683482272372405220e+01 -2.856150660214098469e-01 4.597517514967850989e-04 4.167085937379117096e-04
3.699174913108997487e+01 -2.396215382039831310e-01 4.530019743541722371e-04 4.211267580186749755e-04
3.714890361507108452e+01 -2.696834465738747744e-01 4.386920416502009413e-04 3.981053665779483866e-04
3.730584026907787631e+01 -3.019751411306046962e-01 4.467147458304278730e-04 4.201251461690302556e-04
3.746256175949950062e+01 -2.550526920116142349e-01 4.533725385792516807e-04 3.953589716077000079e-04
3.761964380127956531e+01 -2.600923820747634840e-01 4.353241378399917076e-04 4.183678499382535677e-04
3.777689979736440051e+01 -2.367529451645177252e-01 4.270347487229569157e-04 4.216285177036991467e-04
3.793404087462905494e+01 -2.559693380573767607e-01 4.437680624442004017e-04 4.212619531020881693e-04
3.809121427422826400e+01 -1.892073898793902587e-01 4.355613988536914476e-04 4.171056348865392546e-04
3.824845089289730282e+01 -2.377219023551634114e-01 4.234069397023130653e-04 3.968768883465579353e-04
3.840575442284730201e+01 -2.620661129109564391e-01 4.217853033015959031e-04 4.179830620693486564e-04
3.856276796948470320e+01 -1.926806413225399250e-01 4.287849153155399756e-04 4.266645111060395914e-04
3.871959907707450554e+01 -2.761302159087880570e-01 4.315126796612534909e-04 4.162325284731149279e-04
3.887682674449128228e+01 -1.650999261129767193e-01 4.245987104651573435e-04 3.978945791131812196e-04
3.903393312318084440e+01 -2.222461022578731404e-01 4.332501659105010908e-04 4.026653814587641744e-04
3.919072802632852159e+01 -1.582616573733814647e-01 4.328941965321695187e-04 3.999557796270866998e-04
3.934784243510956259e+01 -1.774916342255365431e-01 4.240632644523782040e-04 4.188289030037425226e-04
3.950508863077185140e+01 -1.504896417999207758e-01 4.207838792212529179e-04 4.029526421608091609e-04
3.966213483586344779e+01 -9.066349686522437445e-02 4.186480075847212969e-04 4.112317518148842941e-04
3.981900035657513826e+01 -8.502712214350736930e-02 4.072583686361035452e-04 4.081966084707776081e-04
3.997616090986677051e+01 -1.796354089021296452e-01 4.129176092144931469e-04 4.153455864241385395e-04
4.013355341593697290e+01 -1.888630054621326659e-01 4.033014468910583994e-04 4.163248017424716545e-04
4.029049420908874168e+01 -1.925718918994450135e-01 4.312271028775097981e-04 4.219637876650039385e-04
4.044742920880969450e+01 -1.577667454155641524e-01 4.011833198503489493e-04 4.022682698383583683e-04
4.060456771350117577e+01 -1.286830809504546647e-01 4.047573613766419364e-04 4.166900560015746849e-04
4.076160199864906986e+01 -1.129628503467059175e-01 4.175640555062922594e-04 4.053839673161280677e-04
4.091870617079209183e+01 -1.220390705207837351e-01 3.920229195668678644e-04 4.052968509439653874e-04
4.107575345671157407e+01 -1.380012990427078035e-01 4.015150249684425903e-04 3.905712697576996153e-04
4.123270201583072492e+01 -9.087656421573662990e-02 3.877799932641607414e-04 3.881197646028258525e-04
4.138980621586031106e+01 -8.469181545132126177e-02 3.892844203260506530e-04 3.987858933706196936e-04
4.154695689957926419e+01 -1.186989132433565464e-01 3.820990634352574287e-04 3.858056157548992956e-04
4.170420599838194420e+01 -1.177127375996515207e-01 3.753984259399018248e-04 3.895587656863095760e-04
4.186123902761131887e+01 -9.733464868753913257e-02 3.747480492123326655e-04 3.631545691663039038e-04
4.201803464077677575e+01 -8.704475279909162921e-02 3.841458766197315190e-04 3.747929000750748418e-04
4.217530385597030573e+01 -1.390300452012534493e-01 3.949435775627621863e-04 3.865683742041683057e-04
4.233268701997334915e+01 -1.252000871363218026e-01 3.733637026009558593e-04 3.797450529454365182e-04
4.248951607587162727e+01 -1.238372483387752271e-01 3.832413699657133237e-04 3.785845951906113751e-04
4.264654483609960778e+01 -7.442298161885535501e-02 3.763331676321846259e-04 3.707993200924095535e-04
4.280379310469830756e+01 -1.083833238572879387e-01 3.782012080379447742e-04 3.688094390749998273e-04
4.296088465425426506e+01 -1.106978979895291704e-01 3.734367908414309100e-04 3.777434752526486958e-04
4.311796117340112033e+01 -7.603571305299675065e-02 3.887335944408547143e-04 3.660128797614685143e-04
4.327487296090120594e+01 -1.065764762479847333e-01 3.791702409307561570e-04 3.818628236495966166e-04
4.343215900797665086e+01 -7.589417124514521995e-02 3.816896321491580497e-04 3.601362089796997516e-04
4.358915756438649680e+01 -2.246808770975311856e-02 3.791345247316089593e-04 3.714131036416823840e-04
4.374590019442506872e+01 -4.690106809867304605e-02 3.716507946205986580e-04 3.717107424442349741e-04
4.390308196728489776e+01 -9.640257508203876891e-02 3.619771090752983071e-04 3.686120097094275848e-04
4.406026540140641856e+01 -3.957416212083295776e-02 3.612726944238443209e-04 3.613662210671089096e-04
4.421733947397627418e+01 -9.773480894478524250e-02 3.447074008107353822e-04 3.509633987520853135e-04
4.437441870967763435e+01 -8.765344491381371617e-02 3.658967128073858108e-04 3.474622353013692515e-04
4.453159054016027341e+01 -8.494546846781169877e-03 3.790629265606327951e-04 3.556583952235228699e-04
4.468864369014499971e+01 -1.651880117399145628e-02 3.652571586315528428e-04 3.514825293277569940e-04
4.484568230746856443e+01 1.999313467772623198e-02 3.603717119635957812e-04 3.486917696336710700e-04
4.500269304354133482e+01 -8.773642038638829188e-02 3.561165395450790420e-04 3.360700109863204682e-04
4.515977284766967870e+01 -5.344946420184810976e-02 3.578296806218142175e-04 3.525318984261324837e-04
4.531686285685834292e+01 -8.864189305776883077e-02 3.592578548526196062e-04 3.515445122629846019e-04
4.547384088087638787e+01 -1.704927931392799870e-02 3.638553375675067760e-04 3.470280436992587690e-04
4.563096257271651268e+01 -6.977716822698076804e-02 3.653332630091383603e-04 3.455248460075197297e-04
4.578809215502025154e+01 -5.353730729109429376e-02 3.589123153197238043e-04 3.352461429030653391e-04
4.594526022451645275e+01 -8.498893894160972073e-02 3.676370366177544868e-04 3.503710063679746529e-04
4.610241065302696484e+01 -3.296669493158088660e-02 3.533206789965673169e-04 3.372099528189814732e-04
4.625942303757445018e+01 -5.378004429133212416e-02 3.434468898737873060e-04 3.440659673258325058e-04
4.641651864846570419e+01 -2.304499998821948892e-02 3.553119910576131189e-04 3.449403375700484261e-04
4.657358995219062336e+01 -4.869535861275264138e-02 3.529834618149213922e-04 3.397106981540098220e-04
4.673055122934910344e+01 -5.505651382120203829e-02 3.414686171950518929e-04 3.440171579507879298e-04
4.688769533932448752e+01 1.178656546924682341e-03 3.461514658589935796e-04 3.349518958878922991e-04
4.704487487664587775e+01 -1.104338314198950732e-02 3.458892302698985755e-04 3.381709060646000261e-04
4.720194532843748902e+01 1.173382488186989342e-02 3.338902888144634914e-04 3.509197552676855160e-04
4.735881112539362192e+01 3.749482853884788386e-02 3.283378604639073718e-04 3.448832664129269682e-04
4.751594922127566889e+01 2.103935305827989155e-02 3.282409377944270627e-04 3.511094131012879884e-04
4.767320843071468062e+01 3.440914023874111494e-02 3.363264496543725115e-04 3.504960612913839146e-04
4.783005539646318738e+01 3.017888827879922770e-02 3.424266420981475511e-04 3.431003057213887885e-04
4.798705586135240253e+01 7.208477509387557769e-02 3.474974442199962876e-04 3.517727327487530373e-04
4.814425264367952195e+01 6.023245978145166241e-02 3.418133196161318482e-04 3.532210427626877847e-04
4.830162275879657585e+01 7.171274503921210020e-02 3.431676937737252256e-04 3.562375697110655120e-04
4.845851778780102848e+01 2.610605619559237117e-02 3.428158434544508718e-04 3.433863581256934292e-04
4.861520715314837560e+01 7.878555891888879004e-02 3.352906739780815389e-04 3.498577838055499998e-04
4.877242153506116296e+01 9.158735546540026917e-02 3.409330201674751898e-04 3.604560276133717597e-04
4.892970299330707462e+01 8.470099960551349949e-02 3.470271552729069144e-04 3.523459161604180394e-04
4.908687730184542630e+01 8.195334457562360175e-02 3.324047282779271249e-04 3.694917935641498885e-04
4.924388320254833218e+01 6.488110143930277129e-02 3.533982991932633111e-04 3.670272255985045800e-04
4.940103443741363520e+01 9.763352830094683410e-02 3.390112918006574867e-04 3.560456186442690968e-04
4.955831508412312303e+01 6.387893334043603932e-02 3.660184664055893527e-04 3.769055636462872744e-04
4.971529298264005092e+01 4.324832335554352342e-02 3.415188891105460571e-04 3.614544688250294563e-04
4.987219821721060953e+01 3.245814530946584259e-02 3.580150401948553585e-04 3.643644536280529235e-04
5.002932603361167452e+01 1.045393623710822728e-01 3.546287913925750689e-04 3.752113361375557471e-04
5.018631556218895895e+01 1.077150745071872862e-01 3.503988937395533139e-04 3.747099892355855704e-04
5.034318046550159664e+01 1.222126733586302999e-01 3.478929903364357239e-04 3.935140538753444800e-04
5.050027700963133270e+01 5.767770598010980160e-02 3.488822037303587124e-04 3.747504837375997019e-04
5.065760132077017630e+01 8.246340908617245946e-02 3.528656350805902796e-04 3.611579209189585754e-04
5.081468395693172369e+01 1.023613176832335742e-01 3.520230368480978971e-04 3.655750144490429098e-04
5.097152509422535616e+01 7.086749279542005342e-02 3.550248926911796113e-04 3.673615020512928679e-04
5.112862248776254148e+01 1.310304104833299177e-01 3.714143926042857025e-04 3.757696454498066392e-04
5.128592090654180424e+01 1.071884458208008373e-01 3.543950363356514178e-04 3.735114160335961729e-04
5.144309555085856545e+01 1.454719768562287574e-01 3.605048488490155897e-04 3.899376997064434784e-04
5.160011158510122442e+01 6.838836241106967251e-02 3.887509746147896328e-04 3.770439573438848593e-04
5.175731960526265141e+01 1.009088494335061287e-01 3.635122055059720743e-04 3.805305181241338381e-04
5.191461796314855093e+01 6.423898470840738728e-02 3.670928593286411378e-04 3.721892253778800791e-04
5.207135607669539468e+01 8.677251894194842885e-02 3.778037986484940325e-04 4.025794148815823995e-04
5.222806478446842959e+01 5.053744816890265446e-02 3.931571723839473302e-04 3.751418542268562480e-04
5.238543254445986008e+01 4.789200232405901175e-02 3.787108825032130689e-04 4.091571069517390769e-04
5.254257611595600252e+01 6.129970476972694537e-02 3.760616684211673367e-04 3.933653196457912934e-04
5.269931833415011369e+01 6.567415807692045249e-02 3.984745437564342005e-04 4.003156983021339903e-04
5.285639491892390396e+01 7.703041423218513761e-02 3.841866247907089267e-04 3.999371126510839936e-04
5.301344724624242843e+01 4.679875943434260582e-02 3.928574813088540289e-04 3.957072768047944426e-04
5.317051876980443836e+01 7.795438556715778011e-02 4.106165375295953114e-04 4.001783464638438369e-04
5.332766755103651235e+01 9.376056601882248875e-02 4.025601521163745585e-04 4.064279132516261271e-04
5.348500298077735948e+01 6.728443498107129772e-02 4.110369049827487732e-04 4.285589873424442927e-04
5.364223496464932595e+01 5.732264224752658260e-02 4.008799110830457940e-04 4.090852193163766414e-04
5.379894742060574231e+01 3.143060600579044434e-02 3.897157990742344661e-04 3.926186015103049582e-04
5.395600833673379526e+01 1.995947423149424874e-02 4.133180309439124468e-04 4.097874712490582206e-04
5.411326202300976718e+01 1.113442287221935306e-01 4.425873267880187198e-04 4.255085492206984944e-04
5.427042920719081565e+01 6.631640952665399102e-02 4.416116738604560529e-04 4.277857643121889221e-04
5.442747824826232517e+01 1.091275648846486979e-01 4.355899322827282366e-04 4.256487082788051142e-04
5.458441850666565642e+01 8.400078178291267572e-02 4.557883709705706624e-04 3.920273884609218828e-04
5.474136316151507486e+01 9.739146824501458688e-02 4.759197063662106352e-04 4.209181923889367019e-04
5.489845354594736193e+01 4.659348444129609440e-02 4.552651305078228095e-04 4.084975678252012626e-04
5.505543071674868116e+01 1.500700830465311053e-01 4.491256350049654738e-04 4.143514092489882449e-04
5.521246252122121234e+01 5.082761682685170423e-02 4.664761860037856269e-04 4.115394313344199412e-04
5.536984311615618992e+01 1.325245199142434105e-01 4.562438104118255941e-04 4.247312767102842668e-04
5.552689545859513487e+01 1.220618380311695728e-01 4.718781139868216202e-04 4.186116512829010845e-04
5.568345304981696842e+01 1.294811485639689452e-01 4.774586844249450448e-04 4.261905447072552233e-04
5.584069806587591955e+01 1.006879664327598595e-01 4.925024929877481941e-04 4.080031510266034309e-04
5.599821974258232160e+01 4.542247608551370358e-02 4.998884683069728264e-04 4.264737445013166289e-04
5.615502105568013036e+01 6.664179951947674097e-02 4.931764279089396281e-04 4.479553500473721543e-04
5.631202680508972236e+01 1.159024147055809535e-02 4.759070831644241005e-04 4.396472909177626858e-04
5.646899832525830476e+01 3.149110612676730980e-02 4.598665761562703894e-04 4.121678049223806602e-04
5.662594416693222854e+01 -5.322767056166952809e-02 4.665536950672760099e-04 4.175896064549102188e-04
5.678259778611094788e+01 6.572819502295532135e-02 4.989799939652794216e-04 4.144040894056991511e-04
5.693974320550065471e+01 -3.118197491796458054e-02 5.020231670949690337e-04 4.269329250695350639e-04
5.709745763556057341e+01 -4.442044299517067252e-02 4.938604915677045556e-04 4.590598122709928144e-04
5.725425030629697432e+01 -8.361080299418592252e-04 5.164224121753703284e-04 4.163994533314004901e-04
5.741133935045357362e+01 -3.327046440552442787e-03 5.153795534933316254e-04 4.313015481414251900e-04
5.756884321301916430e+01 -1.265615952812709499e-01 4.941954375952507328e-04 4.582356606789398669e-04
5.772583149644106726e+01 -8.214539779175636380e-02 4.855640564812125173e-04 4.467825830385932138e-04
5.788266851229413135e+01 2.507979641137518187e-02 5.057553872530787644e-04 3.884337893133961504e-04
5.803962257639496869e+01 3.731723489839300356e-02 4.995991929000110536e-04 4.348012831382514105e-04
5.819689621995856754e+01 -2.600192857419334272e-02 5.147428235774013710e-04 4.807009836378604828e-04
5.835388594986143573e+01 -6.137285203011313972e-02 5.066617552700286402e-04 4.713805080900970441e-04
5.851048421778040876e+01 -1.608762582854311451e-01 5.247564513664787272e-04 4.992543299945201817e-04
5.866767751707434542e+01 -1.465197596056598550e-01 5.140933618409615708e-04 4.453100215277774757e-04
5.882508228998036515e+01 -1.742622621735430144e-01 5.137623379525452531e-04 4.631360650758718344e-04
5.898224736123371770e+01 -1.239766969991798057e-01 5.190499856398714208e-04 4.327880515677693459e-04
5.913884692477888905e+01 -1.129833071035816622e-01 4.941550293957103950e-04 4.548506305338947606e-04
5.929564464283270553e+01 -1.066669507951147899e-01 4.771601594412404486e-04 4.404724009040287993e-04
5.945352258001084778e+01 -6.613587236910375977e-02 4.901028627242157067e-04 4.656447873643480666e-04
5.961070231467085279e+01 -9.013006987527845404e-02 5.278020061302421059e-04 4.497877551288151040e-04
5.976731456083252425e+01 -8.873592994476724172e-02 5.595361929287507924e-04 4.556704628898667698e-04
5.992470345964100886e+01 -5.687060503364595870e-02 5.499642791033696560e-04 4.708532417120888476e-04
6.008258871068673557e+01 -1.774064612457030010e-01 5.114735391925372176e-04 4.683503305088603788e-04
6.023932684135217386e+01 -9.211418790093461872e-02 5.718833830225178091e-04 4.568535794766436019e-04
6.039577003462449767e+01 -8.880152390548011476e-02 5.568195474159114925e-04 4.991539292827569833e-04
6.055359641907271140e+01 -1.027927552547238804e-01 5.194732761503458680e-04 5.285384459995270783e-04
6.071075143884250735e+01 -2.682771146512816229e-01 6.165046957213878671e-04 5.103362908286435172e-04
6.086694421945293243e+01 -2.168154794241282934e-01 6.376132208369096133e-04 5.101075418135933267e-04
6.102425531444302464e+01 -3.294882325421988889e-01 6.319699553120472621e-04 5.729169275088411353e-04
6.118247453171182570e+01 -1.418505055214554500e-01 6.576960218480906511e-04 5.062948284866648123e-04
6.133922796139895439e+01 -2.173668677321884124e-01 6.428018796245020625e-04 5.384031790290888780e-04
6.149500095360918550e+01 -2.025911803608079487e-01 6.139555423773715437e-04 4.897033931228609487e-04
6.165273087261874707e+01 -1.647407901408227682e-01 6.789806387396577717e-04 5.050338962827899576e-04
6.181035768224073479e+01 -2.210972833205509247e-01 6.809115472823019152e-04 5.044594536311274155e-04
6.196658879224211347e+01 -2.140624186201467161e-01 6.945629081072321204e-04 5.247120887131442391e-04
6.212335790698150362e+01 -1.359810578586161944e-01 7.207063432736049565e-04 5.601838816904076545e-04
6.228107077783446499e+01 -2.539759199932776768e-01 7.674468622850962691e-04 5.816403128946865276e-04
6.243888440645920923e+01 -1.783522337946048530e-01 7.811307259834401363e-04 6.293529520286793213e-04
6.259509475519177357e+01 -2.065580543394004431e-01 8.183919667291475984e-04 6.040959440731305660e-04
6.275126133402213213e+01 -1.215363389825883517e-01 8.194821477932996917e-04 6.314611037563376593e-04
6.290970383392785692e+01 -2.400590699412134821e-01 8.043479773970209183e-04 5.974909782725697227e-04
6.306742373223402609e+01 -3.306083559804690597e-01 8.124426808145123217e-04 6.271451677060378184e-04
6.322280294943617918e+01 -3.201809333367747201e-01 7.396085269679809676e-04 6.580085355189712552e-04
6.337987377443261039e+01 -2.602802610035812592e-01 9.258878266640311943e-04 6.382325130298093603e-04
6.353882537730356006e+01 -1.796921085522285022e-01 8.977055809142955606e-04 5.791101863081870617e-04
6.369583997100188810e+01 -1.213107699603735573e-01 8.812651824644688811e-04 6.467543906740739644e-04
6.385069315579813320e+01 -1.485856172000697140e-01 9.231474665483236589e-04 7.237497460102687357e-04
6.400839299893164025e+01 -1.614986385338824937e-01 9.925833164893544790e-04 7.856850094521855045e-04
6.416809543670143512e+01 -1.776189254179653121e-01 1.052475621751130597e-03 7.273556748413383599e-04
6.432368783513420851e+01 -1.783446111908899290e-01 1.047345323380839991e-03 7.827539123766839337e-04
6.447781313266034431e+01 -3.767284405315251550e-01 1.132795216121926371e-03 8.030805883695250457e-04
6.463688740304701241e+01 -2.952848752751512373e-01 1.114884380386509197e-03 8.408080053249219988e-04
6.479625487617632018e+01 -1.151658965004331292e-01 1.221580442800614423e-03 7.988465534402858703e-04
6.495148303704421267e+01 -2.013351120650159753e-01 1.054453883209254114e-03 9.071142103244869822e-04
6.510742899732220224e+01 -1.631257542482882905e-01 1.048876266156705634e-03 9.131071350204026521e-04
6.526686243779083441e+01 -9.946980720760509320e-02 1.166745703235168730e-03 8.823403521166693847e-04
6.542332085458025404e+01 -3.128329518571147383e-01 1.474741406898861726e-03 8.607850282483716113e-04
6.557521362548898480e+01 -2.187006078166997824e-01 1.335955318027696624e-03 7.620008075515776738e-04
6.573493827371439124e+01 -1.148846223864291305e-01 1.237853939128336642e-03 8.306091409304443458e-04
6.589776439269822106e+01 1.407857602698311776e-02 1.412417195350146879e-03 8.033970839281751389e-04
6.605074465606993783e+01 -1.382006887638819737e-01 1.396306659963838940e-03 1.148625278079261998e-03
6.620098780477589173e+01 -7.250263745700330498e-02 1.446647071476807019e-03 1.194184764801742380e-03
6.636352405735766524e+01 -1.658158002118540475e-01 1.634171145754446941e-03 1.275042097254682708e-03
6.652950706440147144e+01 -6.568138349047954183e-02 1.626576499690404309e-03 1.328706020323954353e-03
6.667987868647104222e+01 -7.429446645745468869e-02 1.700597274459636965e-03 1.582008518245015460e-03
6.682727252513147675e+01 1.922258814129113730e-02 2.037581929427276575e-03 1.550623974247183900e-03
6.699329411113721733e+01 -2.650205778958938385e-01 2.027377815931792962e-03 1.637806783100761001e-03
6.716167327558071065e+01 -1.474076623284597265e-01 1.799056869309900589e-03 1.708520589647451139e-03
6.730495891174597034e+01 -2.488112762218674598e-02 2.036470640090785357e-03 1.589320653350149992e-03
6.744911693033651545e+01 -6.303333617032106338e-03 1.957300363417951473e-03 1.921221743184574077e-03
6.762229848423206136e+01 7.866891562026628870e-02 1.952834713283624953e-03 1.654370280329837961e-03
6.779550657872420061e+01 -1.150789189366688003e-01 1.875693331538352002e-03 1.701351601099013698e-03
6.792744758467283361e+01 -7.499391376347590288e-02 2.251511614828582888e-03 2.007742100835281825e-03
6.806966116498493591e+01 -1.186711466462184311e-01 2.273065985190692376e-03 1.975390877679304713e-03
6.824869617173445135e+01 -1.202425750922777176e-01 2.954975862652570780e-03 2.592771931236755468e-03
6.842663219513711681e+01 5.618536667854538008e-02 2.902098178386390819e-03 2.937019317741109813e-03
6.856220509771767979e+01 1.526850722725063003e-01 3.037093127320900608e-03 3.131931693191937569e-03
6.869683295929898748e+01 -2.182652569644650264e-01 2.473826146388731582e-03 3.237666433769713446e-03
6.887607845862255829e+01 -2.537381088464314982e-01 4.355400699888035271e-03 4.224240105013587002e-03
6.905498360928540080e+01 -3.249525414548298796e-01 4.910120903368927862e-03 5.232542178456616420e-03
6.919731970468525617e+01 1.035507995548497484e-01 8.575810673771526102e-03 6.777495101252343015e-03
6.932079956170674961e+01 3.638474697400884694e-01 9.527305897460550121e-03 8.266696386417851303e-03
6.949139529302948404e+01 4.554550011020045558e-02 1.748067515016769879e-02 1.661037679144933624e-02
6.964989558659395641e+01 -1.947208005083831128e-01 7.277949410862340207e-02 7.002392777591802397e-02
