2.224910306174238406e-01 -9.111144065976315431e-01 2.142375765281268940e+01 2.113255717839623671e+01
3.769780541266394280e-01 -8.170738504761559939e-01 1.989733344055630226e+01 1.366185322076581876e+01
5.361975466142091529e-01 -6.622596961297394502e-01 7.319665378699420799e+00 6.370286245265243785e+00
6.959151941223191695e-01 -6.046811726381058349e-01 4.988725268427855575e+00 4.247035906122473392e+00
8.587749464508526165e-01 -4.633992848001866061e-01 3.477568490038006388e+00 2.461050487685868315e+00
1.011971690356436415e+00 -6.196698054033606962e-01 2.969079970053424056e+00 2.466207401555102763e+00
1.169179170893919872e+00 -6.173767665142422256e-01 2.514764352652590684e+00 1.705902635009620250e+00
1.327056275441487854e+00 -3.493933591280744544e-01 2.164806409804571175e+00 1.815685707904970192e+00
1.486340610235147519e+00 -4.530704083747459920e-01 2.127774192898842731e+00 1.541671425447876276e+00
1.644056203647197956e+00 -4.984746306320482767e-01 1.887314062802520231e+00 1.188189528288412733e+00
1.799158226674683947e+00 -4.295362145346571792e-01 1.719213441920498742e+00 1.027873249168371528e+00
1.956965228922086908e+00 -4.858004346269353957e-01 1.680313794275652528e+00 1.128822015875942331e+00
2.117599736458634752e+00 -4.557063176904597168e-01 1.450812240588647661e+00 1.148065916182636315e+00
2.274213655131842593e+00 -4.301727267308155800e-01 1.301205425895395340e+00 1.090671449548444194e+00
2.430197444207553126e+00 -4.279458426319070474e-01 1.243180141360223701e+00 1.009782108972493875e+00
2.586907597398416137e+00 -4.255694865453365505e-01 1.121420563845763274e+00 8.736169564032982837e-01
2.743941110636397784e+00 -4.106683420093220072e-01 1.071311183810947698e+00 8.229377287522604556e-01
2.901357711950232954e+00 -4.794461306876335316e-01 1.033918878571050692e+00 7.691453759144615265e-01
3.059174166343713086e+00 -4.890583780959222859e-01 9.352135940951388227e-01 6.965278658478782914e-01
3.217043157725734570e+00 -4.492026117721720224e-01 8.974116827007406760e-01 6.548354674198623160e-01
3.373752004160201601e+00 -4.588214614272180247e-01 8.355735611333972024e-01 6.239047911281191405e-01
3.529873897105368918e+00 -4.312233121471415465e-01 7.892831314844994672e-01 5.990285615261509156e-01
3.687833939368670766e+00 -4.913568966166978469e-01 7.051189805096657048e-01 5.441180692525375839e-01
3.844662685630670929e+00 -4.589279423212196396e-01 6.650263477127149603e-01 5.135829466209610450e-01
4.001643860127775731e+00 -4.662936952071351504e-01 6.363702543882641116e-01 4.757937044031247398e-01
4.159977921717700866e+00 -4.473674143711480755e-01 5.663279207305728091e-01 4.448201686121002196e-01
4.317989114441106224e+00 -4.481335169930052431e-01 5.297329319946955106e-01 4.179687314109553076e-01
4.474413033442711018e+00 -4.464611476773744370e-01 4.771104876003584017e-01 4.136462687083654610e-01
4.630884226619629729e+00 -4.649509427995276445e-01 4.478680891063614999e-01 3.714865427972359746e-01
4.787016968352893365e+00 -4.215991361751320610e-01 4.290089928765258298e-01 3.586104151661247963e-01
4.944724671628838664e+00 -4.463564754542198587e-01 4.076213780782220741e-01 3.254480957941479624e-01
5.102344338619310804e+00 -4.767055406004768181e-01 3.939387645883790090e-01 2.993899719849529295e-01
5.259848256524614740e+00 -4.244984385487572953e-01 3.609201088432795745e-01 2.829453843143965863e-01
5.417274274555754054e+00 -4.299284372493970552e-01 3.473693268757265251e-01 2.715128398106692043e-01
5.574250703040379840e+00 -4.433657340831953508e-01 3.211519499205775507e-01 2.463510800553933844e-01
5.731550067715854624e+00 -4.348347746995588348e-01 2.992435353198514281e-01 2.266044189449580581e-01
5.887853770917030438e+00 -4.315739206483965029e-01 2.798752916817877079e-01 2.144572237806103010e-01
6.044776459544647373e+00 -4.515019487127834297e-01 2.749271569726871589e-01 2.105888982171047752e-01
6.202141348599048420e+00 -4.695106508374987109e-01 2.617753533938390054e-01 1.966743978103907831e-01
6.358730642182385928e+00 -4.090124775792179923e-01 2.563959923238426364e-01 1.973671281829025292e-01
6.515835629712012356e+00 -4.669653226099282906e-01 2.460004006519623254e-01 1.805909416240031318e-01
6.673143427242401060e+00 -4.172590786699375554e-01 2.260241812334165823e-01 1.723097331532012222e-01
6.831058357852889174e+00 -4.583851669616430535e-01 2.149953898261384444e-01 1.656047200933784547e-01
6.988824200211039894e+00 -4.321108522435333499e-01 2.018319241976609668e-01 1.660781253385285594e-01
7.145915730786232878e+00 -3.820672144643286194e-01 1.915030388884640111e-01 1.558593015852288988e-01
7.302190678485778186e+00 -4.103247602220166934e-01 1.842784449665070268e-01 1.400927498538244720e-01
7.458624611099556212e+00 -3.974991897960981069e-01 1.736920123450025055e-01 1.276206873619143700e-01
7.615956598517993115e+00 -4.459622661151462775e-01 1.677137195455419560e-01 1.261998660077471857e-01
7.773197817507992546e+00 -4.288131836519892270e-01 1.585062808986859029e-01 1.212554633831572914e-01
7.930420429045994979e+00 -3.977240006017391805e-01 1.532214941705066780e-01 1.146770879891238493e-01
8.087968919861056705e+00 -3.911180289685770584e-01 1.426430282800273397e-01 1.138154992207926902e-01
8.245420543875988884e+00 -4.225082247472009001e-01 1.411455287224174515e-01 1.042704333910341868e-01
8.402941073642891112e+00 -3.825131782803581348e-01 1.359571512162366103e-01 1.041573842630875435e-01
8.559250939273184144e+00 -3.820939332305394731e-01 1.326998005031972128e-01 9.637140889981146707e-02
8.716195481665673483e+00 -3.420009908581902458e-01 1.263501017329488052e-01 9.026700272754538401e-02
8.873529036028294570e+00 -3.785813723424349408e-01 1.249877136345373674e-01 8.422802671227815063e-02
9.029792338552599773e+00 -4.020631409521382982e-01 1.161597216285229495e-01 8.220039671598718123e-02
9.186917723908930355e+00 -4.686524378330353957e-01 1.134707764132964619e-01 7.967105186544977402e-02
9.344119488193976863e+00 -4.328613109906560008e-01 1.056381399816683220e-01 7.519657418669381532e-02
9.501635078687829861e+00 -3.786094887736740633e-01 9.893126721675386814e-02 7.327893091364422185e-02
9.658849653149557568e+00 -4.041528303313489667e-01 9.556035907929870399e-02 6.987816968858941158e-02
9.815350453411124221e+00 -3.950370282405392675e-01 9.052257889669879098e-02 6.635218763540340348e-02
9.973161250804835731e+00 -4.093086920421568076e-01 8.797581384559456652e-02 6.523134775451994161e-02
1.013018311144207040e+01 -3.526827926129292856e-01 8.549225257276883705e-02 6.127578722613719053e-02
1.028729119392619218e+01 -3.376908835141593235e-01 7.764908754004326563e-02 6.129096192333343546e-02
1.044453568029122792e+01 -3.387781179071488458e-01 7.445517350104709220e-02 6.038672173275493743e-02
1.060100162181282712e+01 -3.668077983774302164e-01 6.939026973608798665e-02 5.748924351572086422e-02
1.075856422567547988e+01 -3.777462002471555502e-01 6.938376195300691163e-02 5.723386077844100361e-02
1.091589640063906330e+01 -3.577762024748126768e-01 6.819304018417332580e-02 5.614300234528905864e-02
1.107249045805190768e+01 -3.864850155859528291e-01 6.506669577429344264e-02 5.253952628031949290e-02
1.122908604632464780e+01 -4.058732170299251263e-01 6.237846794882812712e-02 5.089844531690244228e-02
1.138603536563683072e+01 -3.584499355395684983e-01 5.730338677041253020e-02 4.775574887389184148e-02
1.154408617575264451e+01 -3.846499905912727502e-01 5.586808019109516105e-02 4.671670520522736708e-02
1.170161060505927608e+01 -3.928842673086435089e-01 5.355446947010450431e-02 4.507030767083598788e-02
1.185871310691091374e+01 -3.878864719017288132e-01 5.255973177957497938e-02 4.262860167814048334e-02
1.201589034203849948e+01 -3.440079197790326671e-01 5.162885507821422804e-02 4.090198083905315085e-02
1.217254814597174217e+01 -3.309285540685188431e-01 5.094541179047921281e-02 4.160528810813282630e-02
1.232924274899989037e+01 -3.306126825263138724e-01 4.908496399566075752e-02 3.899796728519102501e-02
1.248626686786133888e+01 -3.195747703355517055e-01 4.631997644838498768e-02 3.929866961932143576e-02
1.264289762833855235e+01 -3.539456901440466985e-01 4.451813255163063893e-02 3.777053205140686737e-02
1.279980999067023717e+01 -3.563197464073258325e-01 4.153156690154421321e-02 3.705622245947438886e-02
1.295781524442101507e+01 -3.291170426851760533e-01 4.091236716173710097e-02 3.508027023832520352e-02
1.311522409507274922e+01 -3.391677427639557818e-01 3.883235187332520488e-02 3.400831143879322338e-02
1.327189327120834150e+01 -3.770553583183102186e-01 3.751588741913965130e-02 3.447571655064973067e-02
1.342893381986681511e+01 -3.346302669321282175e-01 3.759776936629161126e-02 3.198930290573434587e-02
1.358644890945947914e+01 -3.737806163533622938e-01 3.676273895346377635e-02 3.157815938535961375e-02
1.374357663098054338e+01 -3.623890652148957781e-01 3.503980336232561527e-02 3.055610347851740391e-02
1.389984356875444504e+01 -3.249506468342713283e-01 3.505441042846976080e-02 3.057050632968957848e-02
1.405713669152414269e+01 -3.531666930417078354e-01 3.327342726599349931e-02 2.954038558278149207e-02
1.421502884306816483e+01 -3.340005494333340708e-01 3.168277846665062958e-02 2.907351452791971658e-02
1.437201147355519737e+01 -3.665073246531437290e-01 3.040751192565518263e-02 2.780177229458132351e-02
1.452887552585139908e+01 -3.778037134245912920e-01 2.945447856185705662e-02 2.783848334583937517e-02
1.468598624165242050e+01 -3.387906316614069935e-01 2.849482442854923969e-02 2.624433011898947427e-02
1.484294055074224872e+01 -3.509442768495836806e-01 2.760131686320620864e-02 2.620336793147472199e-02
1.499992988698420504e+01 -3.397804566088069023e-01 2.713041052885301410e-02 2.485968085374867104e-02
1.515669778781069255e+01 -3.477944184237064529e-01 2.666550577066625557e-02 2.401319440257775745e-02
1.531367394111133606e+01 -3.510894686983722091e-01 2.567860580173795051e-02 2.313793483448133362e-02
1.547119433260378685e+01 -3.907197035301658294e-01 2.541215515203610123e-02 2.219650767998434387e-02
1.562827641859474781e+01 -3.405395084845376785e-01 2.431868569088919962e-02 2.162666240362185952e-02
1.578506862595802573e+01 -3.500582505449041371e-01 2.340110828037045981e-02 2.164389491562097173e-02
1.594250890683013822e+01 -3.341913754827056660e-01 2.264801396546710713e-02 2.096879962742523307e-02
1.609964445828639157e+01 -3.598992521183990156e-01 2.161398621824267563e-02 2.075241209532852418e-02
1.625671354291527848e+01 -3.398860219942298477e-01 2.146041113945687875e-02 2.038870243226985346e-02
1.641396529424759620e+01 -3.703797848532111026e-01 2.138335129200188631e-02 2.023569368666874868e-02
1.657092320589813284e+01 -3.330745799522288331e-01 2.017267363217710094e-02 1.926195878513656604e-02
1.672796361240548535e+01 -3.620890233359191357e-01 2.030714962684410096e-02 1.897384392094842928e-02
1.688517549643901461e+01 -3.674560327304336460e-01 1.922923834783179034e-02 1.835627696532614317e-02
1.704208878648300995e+01 -3.238692589645794651e-01 1.872349676496533680e-02 1.813377386563346308e-02
1.719898133465424550e+01 -3.590256980447987245e-01 1.827997397227846751e-02 1.784218787120792765e-02
1.735586079259882908e+01 -3.583751991326086794e-01 1.733058883323633503e-02 1.723662484874543752e-02
1.751293850608684366e+01 -3.849793112661532568e-01 1.732332545812379290e-02 1.649191913776044960e-02
1.767031239152179367e+01 -3.558259180885814388e-01 1.646477729433822729e-02 1.633539216266183258e-02
1.782754752418730249e+01 -3.670208658419515935e-01 1.579967738979419500e-02 1.576589510370791578e-02
1.798479562792856612e+01 -3.911677480507731453e-01 1.577090076465101007e-02 1.507136607343025243e-02
1.814208451899528285e+01 -3.773273407030782733e-01 1.576687488963366551e-02 1.482862681370797006e-02
1.829913170677337320e+01 -3.715346427392917095e-01 1.599634096699529065e-02 1.414228406782992546e-02
1.845626997621230814e+01 -3.840737561126248978e-01 1.526629852704144627e-02 1.369434423139189588e-02
1.861316460528984251e+01 -3.914792954197361396e-01 1.427097227968389392e-02 1.324578150785988423e-02
1.876967775485677947e+01 -3.486248528815380499e-01 1.400980480282606154e-02 1.370707120392052232e-02
1.892689616329011315e+01 -3.451093354297620208e-01 1.408870324075769780e-02 1.310475799223540481e-02
1.908410308400239330e+01 -3.534065492431958666e-01 1.440946659675640916e-02 1.269594832142656622e-02
1.924115739965566618e+01 -3.524606528653576043e-01 1.345221832618434012e-02 1.238072485925609777e-02
1.939848716293853315e+01 -3.330882315937204186e-01 1.299764363189790696e-02 1.217078483536623151e-02
1.955582285497396455e+01 -3.698247663039063160e-01 1.257655077715314103e-02 1.182419276943743984e-02
1.971328734130059956e+01 -3.955457481159348476e-01 1.226874276070559662e-02 1.190837043449284594e-02
1.986974141744880384e+01 -3.789025511544429903e-01 1.213163615645924433e-02 1.159912247641264188e-02
2.002622774148088425e+01 -3.745624473414974620e-01 1.223874203549831646e-02 1.102636064195906644e-02
2.018341015431840191e+01 -3.875448669249324518e-01 1.160897030555083954e-02 1.075226967210561949e-02
2.034057372093466398e+01 -3.617197539941518492e-01 1.138542338754276739e-02 1.025555780428041679e-02
2.049788249740258905e+01 -3.874194303246609739e-01 1.140023624162889160e-02 1.019303254427623116e-02
2.065488159098197229e+01 -3.699063638080546945e-01 1.096128773854870841e-02 9.769936296339572571e-03
2.081224267520101279e+01 -3.494889065604870337e-01 1.089381436981545249e-02 9.668721585432814986e-03
2.096989827302694565e+01 -3.879902066624085766e-01 1.064070168627107363e-02 9.128864080169676876e-03
2.112658659925761029e+01 -3.388431867832791822e-01 1.031874446654692211e-02 8.951374077459200301e-03
2.128320716890661757e+01 -3.490509696643724347e-01 1.007728864954389979e-02 9.026637411293211843e-03
2.144049565975502247e+01 -3.872436386306360445e-01 1.005848012083149223e-02 8.991116857795036776e-03
2.159764619265603613e+01 -3.818134560012521606e-01 9.768426764883410274e-03 8.304474406606031020e-03
2.175459686371899437e+01 -3.737572177441742527e-01 9.695526991707224471e-03 8.283928117915081643e-03
2.191160274018816878e+01 -4.277104566774914685e-01 9.383635201154134561e-03 8.193752734608504562e-03
2.206875968349933714e+01 -4.051441089349204772e-01 9.407009310093417120e-03 7.982799803334042141e-03
2.222583192098467109e+01 -4.235135132224484567e-01 9.144909736226480498e-03 7.830570016362300642e-03
2.238271061778281634e+01 -4.222929107404938542e-01 9.091617450021093061e-03 7.695500798334311936e-03
2.253989130416773889e+01 -4.131302421679565740e-01 8.788488711165597447e-03 7.479317791127647851e-03
2.269708332023706987e+01 -4.164098471212633878e-01 8.719314342580601618e-03 7.153079173810438819e-03
2.285436026579965940e+01 -4.375200600971314580e-01 8.613253142925388073e-03 6.948931570436607877e-03
2.301157704429403594e+01 -3.914990860419985674e-01 8.274955208773655119e-03 6.771875214894819937e-03
2.316858603816177720e+01 -3.907153112239145631e-01 8.063301044747587729e-03 6.798257371192894388e-03
2.332581049338731916e+01 -3.927242050045944843e-01 8.135244682706295818e-03 6.714593376463970711e-03
2.348316446393469548e+01 -4.140170983005435623e-01 7.975452716435701625e-03 6.493193770254916675e-03
2.363993702599548996e+01 -3.930341161036537412e-01 8.032196193371901952e-03 6.367060005262723324e-03
2.379665004636292736e+01 -4.227428053593887958e-01 7.729813472626113034e-03 6.395394632500044085e-03
2.395353313882959512e+01 -4.194392293234472935e-01 7.422084108183399538e-03 6.172206985762690619e-03
2.411087736277276505e+01 -4.452846194435731708e-01 7.376947654033294555e-03 5.972562239065456503e-03
2.426838908392062066e+01 -4.539235570096729622e-01 7.226270422671845356e-03 5.864916344313922392e-03
2.442520192112507260e+01 -4.280798058916133741e-01 7.054804781180243345e-03 5.575674774299539498e-03
2.458205831340853464e+01 -4.318438870289192932e-01 6.961028178551663219e-03 5.624342213187503298e-03
2.473892422991668383e+01 -4.200683032177955356e-01 7.022467273539791631e-03 5.379732789285686205e-03
2.489614075480276867e+01 -3.891442446804272426e-01 7.088359243434658521e-03 5.252540277219558060e-03
2.505340526859593098e+01 -4.138046942453497690e-01 6.602887527117256954e-03 5.284321789060017656e-03
2.521012063337838427e+01 -4.126180864169388673e-01 6.804090135208724910e-03 5.246110431295582591e-03
2.536735374590608671e+01 -4.037877653355928520e-01 6.619413091103259691e-03 5.092948080368475683e-03
2.552481388593243139e+01 -4.058562914348516348e-01 6.571044979342943390e-03 5.008010177805339268e-03
2.568184951093486035e+01 -4.065993327641852506e-01 6.390055440404992376e-03 4.903976595759824281e-03
2.583897954740043090e+01 -3.826113605595198863e-01 6.121874759098097120e-03 4.658146546980291951e-03
2.599618893481487447e+01 -3.872006012237468875e-01 6.151568340814496903e-03 4.835115844140474607e-03
2.615317437358262609e+01 -4.216083495287832328e-01 5.910975685899010935e-03 4.720563300015698585e-03
2.631008592027571424e+01 -4.026302988658171378e-01 5.969531633493511263e-03 4.736170297727050095e-03
2.646701761629021732e+01 -3.745250641339961106e-01 5.874128110499557583e-03 4.528016086809126886e-03
2.662410832664473048e+01 -3.900123527025369796e-01 5.743543132204200971e-03 4.522436859049759617e-03
2.678141943602088659e+01 -3.840598507275809759e-01 5.966783159516728628e-03 4.383058327239812077e-03
2.693860122002694979e+01 -3.749846400379850953e-01 5.696763540072415262e-03 4.239814419921721263e-03
2.709562050470108829e+01 -4.133011888908245113e-01 5.543830386214447167e-03 4.288382451708291736e-03
2.725270059857041716e+01 -4.124255414563602895e-01 5.477193076456686460e-03 4.167869698209283186e-03
2.740974164891607856e+01 -4.142792159949659769e-01 5.532127953201184181e-03 4.049640937620352203e-03
2.756702830147103711e+01 -4.079067879181655920e-01 5.334728121454075482e-03 4.006947666066393299e-03
2.772407618987199740e+01 -4.238481353330761925e-01 5.198715804932287077e-03 3.868458871732359007e-03
2.788063571159398180e+01 -3.793661692150839260e-01 5.057273010552443618e-03 4.042027724844673986e-03
2.803755319036919502e+01 -4.506851360729429712e-01 5.045718002228305465e-03 3.926956342422863178e-03
2.819481434561980038e+01 -3.945731079346849746e-01 5.087755327160138619e-03 3.968724792295034998e-03
2.835223881670957269e+01 -4.273848111261461802e-01 4.933340939922122373e-03 3.734586805842911306e-03
2.850910124126014722e+01 -4.034592510448061220e-01 4.833857615204791187e-03 3.803798845885471638e-03
2.866597950802448835e+01 -4.100164678141452468e-01 4.848338157904009092e-03 3.623911156637924912e-03
2.882356032479124863e+01 -4.031951568630852689e-01 4.758335374057274560e-03 3.746946000248802845e-03
2.898072266877696634e+01 -4.136780683071677456e-01 4.748253553300072448e-03 3.597044927253505078e-03
2.913771804718169989e+01 -3.830483069456327438e-01 4.604414848675830382e-03 3.447415564482776609e-03
2.929482690640525533e+01 -4.293166300507442745e-01 4.555604279493382855e-03 3.522253555316487168e-03
2.945218590924147151e+01 -4.049807521440930147e-01 4.421112061085746316e-03 3.465163032853592080e-03
2.960919135628817145e+01 -4.688565019151233471e-01 4.497503012384202088e-03 3.328244243660402352e-03
2.976586605748166647e+01 -3.922016832382418938e-01 4.483620644575594949e-03 3.262278133506643207e-03
2.992280522086002037e+01 -3.967634731488288158e-01 4.478787513157007037e-03 3.317931849340819556e-03
3.008003943385365275e+01 -3.995360467851221675e-01 4.236105215415047337e-03 3.161130823953971734e-03
3.023717111104264532e+01 -4.184568070813944884e-01 4.255945153372867919e-03 3.168909964054895077e-03
3.039409755187024942e+01 -4.118113802642558441e-01 4.185005784616992359e-03 3.129345553472472671e-03
3.055124387927866536e+01 -4.248037936458643471e-01 4.131381314006411093e-03 3.035539371575583529e-03
3.070851541553717468e+01 -3.945856273268046888e-01 4.003597448653925008e-03 3.074097793357362905e-03
3.086582466442332162e+01 -4.125834684765213867e-01 4.026572906588155205e-03 2.994271749426808110e-03
3.102255617942141086e+01 -4.294042949496611472e-01 3.958645339936802017e-03 3.022658987788342123e-03
3.117937097861718598e+01 -4.469569439601061567e-01 3.883751975892971425e-03 2.951138883623981562e-03
3.133663649833605547e+01 -4.157728679178971376e-01 3.721809951617481398e-03 2.825156176045216273e-03
3.149374879730445898e+01 -4.106509998737937206e-01 3.790927773832679717e-03 2.859904980319747606e-03
3.165080357818134615e+01 -4.101063729505659006e-01 3.721896030741894418e-03 2.867016474989783625e-03
3.180790721180015979e+01 -4.175629126853358519e-01 3.683215653999215994e-03 2.694001294418069039e-03
3.196510387646553397e+01 -3.850083643560546776e-01 3.613905068703593317e-03 2.681385660011228501e-03
3.212216472333984285e+01 -4.435669226043399971e-01 3.593485991565452137e-03 2.722685374858846950e-03
3.227938550166457787e+01 -3.837493281564000602e-01 3.602765350766290973e-03 2.719842204100833116e-03
3.243664315934430675e+01 -3.601886191330719855e-01 3.502298501847996362e-03 2.757222314492815182e-03
3.259354567529860702e+01 -3.361193754337499784e-01 3.460809885712392339e-03 2.773409646571697341e-03
3.275043307306903984e+01 -3.796255244078745039e-01 3.416581004906126852e-03 2.771858868430076422e-03
3.290753619157217003e+01 -3.771926618484677252e-01 3.355023538185989643e-03 2.605698037015218623e-03
3.306466900908257855e+01 -3.702067090051129883e-01 3.247592288315338718e-03 2.648548954086555988e-03
3.322163731132186371e+01 -3.578527361922035355e-01 3.251598301507888176e-03 2.685682682728915069e-03
3.337862012386388955e+01 -3.642005626943067842e-01 3.200257286460186056e-03 2.676273469488298778e-03
3.353601290680687441e+01 -3.735726456623013059e-01 3.225461067984830218e-03 2.669752091203064261e-03
3.369327171042736069e+01 -3.786265337502272010e-01 3.082618632932526779e-03 2.616301088170832744e-03
3.385003974987193942e+01 -3.870170475443754921e-01 3.074156816898054173e-03 2.585567552783516864e-03
3.400706523244446089e+01 -4.086094549979597534e-01 3.094955276246374228e-03 2.622525521729921101e-03
3.416414216143994054e+01 -3.528774430310773202e-01 3.010503267727522754e-03 2.569133259314201976e-03
3.432128746206081615e+01 -3.923574313654662471e-01 2.973788641168974029e-03 2.542716077033650279e-03
3.447838432323504065e+01 -3.715424967167434422e-01 2.911543408391099094e-03 2.582612899455115612e-03
3.463523917872642954e+01 -3.685341285009222645e-01 2.896854498921078418e-03 2.613623198485050259e-03
3.479246603048247977e+01 -3.219032242132855992e-01 2.916113428339142492e-03 2.579315484791922745e-03
3.494961128598676936e+01 -3.726547004171649191e-01 2.848133589942410549e-03 2.569613174726059247e-03
3.510669708522954835e+01 -3.543761482865137591e-01 2.728057054622391557e-03 2.558246799285260071e-03
3.526386948712173108e+01 -3.727445965914308323e-01 2.810874663389205646e-03 2.490668810918240678e-03
3.542094583868663449e+01 -3.391041861818059333e-01 2.831855631392439943e-03 2.525777796682881441e-03
3.557795442967842803e+01 -3.825606936301724215e-01 2.845904491254738072e-03 2.543651131092941262e-03
3.573494502910600090e+01 -3.726174099569803944e-01 2.798986954825029641e-03 2.443755178184364111e-03
3.589217304556967747e+01 -3.419168606411474021e-01 2.773834796130421332e-03 2.449376358524828386e-03
3.604942804423248504e+01 -3.467032801569184253e-01 2.810165857363285287e-03 2.441673942106330122e-03
3.620634169633331112e+01 -3.574376797766329883e-01 2.758558815237457766e-03 2.483936060570347739e-03
3.636330872430431782e+01 -3.733330053762879408e-01 2.715875381483257717e-03 2.468930851827618681e-03
3.652048297879699845e+01 -3.675226899457639251e-01 2.700393373415184775e-03 2.390038924603805123e-03
3.667775911005065836e+01 -3.666720100145882677e-01 2.662762146565160991e-03 2.508378843155919993e-03
3.683482272372405220e+01 -4.176944808803577103e-01 2.665226532534779869e-03 2.522416395073044573e-03
3.699174913108997487e+01 -4.088666852437157218e-01 2.554264682231105477e-03 2.448005552963148420e-03
3.714890361507108452e+01 -3.961006771905861146e-01 2.592939809251614339e-03 2.540946975613878403e-03
3.730584026907787631e+01 -3.897651766688956521e-01 2.590921957468028843e-03 2.528048959671431485e-03
3.746256175949950062e+01 -4.150535017630159751e-01 2.577910614693589963e-03 2.503026175019880742e-03
3.761964380127956531e+01 -4.094639289753988498e-01 2.590068540186690575e-03 2.437123455189735971e-03
3.777689979736440051e+01 -3.440123255269449398e-01 2.621724187481245128e-03 2.437297862981097768e-03
3.793404087462905494e+01 -3.819050333706229261e-01 2.547277121901888892e-03 2.429832769880724101e-03
3.809121427422826400e+01 -3.598831625222093100e-01 2.555107225212494525e-03 2.494310210439576805e-03
3.824845089289730282e+01 -4.053454017400507370e-01 2.516088780195500745e-03 2.535636620196112315e-03
3.840575442284730201e+01 -3.754751011119290549e-01 2.529997763394460468e-03 2.529598883409183568e-03
3.856276796948470320e+01 -3.918191649836430535e-01 2.523304516203743898e-03 2.487601289401850015e-03
3.871959907707450554e+01 -3.977641209206285722e-01 2.531450653497079126e-03 2.448635389859002507e-03
3.887682674449128228e+01 -4.045497020709489244e-01 2.588696022042952672e-03 2.438889955482813170e-03
3.903393312318084440e+01 -4.016472520139076630e-01 2.558926407558064116e-03 2.431362823380914945e-03
3.919072802632852159e+01 -4.050132382852484891e-01 2.530883791074477890e-03 2.445877705481902011e-03
3.934784243510956259e+01 -3.974016292792170724e-01 2.573488901389561594e-03 2.465712418149245810e-03
3.950508863077185140e+01 -3.825226962425605781e-01 2.503229226795353375e-03 2.435664825091294911e-03
3.966213483586344779e+01 -4.009861543228895320e-01 2.506292912712297909e-03 2.540506388102264403e-03
3.981900035657513826e+01 -4.110400937743064476e-01 2.506354190158248656e-03 2.565492042873516315e-03
3.997616090986677051e+01 -4.189565598326684959e-01 2.555054758879537515e-03 2.500748415086836117e-03
4.013355341593697290e+01 -4.433968109023938564e-01 2.570950298912345628e-03 2.575097581865127844e-03
4.029049420908874168e+01 -4.213063872126766585e-01 2.524076372639140996e-03 2.540065614666192281e-03
4.044742920880969450e+01 -4.039668388998455262e-01 2.476070621380023744e-03 2.499547941680731623e-03
4.060456771350117577e+01 -3.779682457254540107e-01 2.462061969666971481e-03 2.473421886845190987e-03
4.076160199864906986e+01 -4.012213305266221774e-01 2.431444302013995463e-03 2.492103306300232426e-03
4.091870617079209183e+01 -3.722522541436327770e-01 2.432260255884043446e-03 2.469571244513091898e-03
4.107575345671157407e+01 -3.731588146460143585e-01 2.399861838441508157e-03 2.426197735583861346e-03
4.123270201583072492e+01 -3.759552514933781620e-01 2.341884413745291306e-03 2.419242857927948569e-03
4.138980621586031106e+01 -3.486666449403761359e-01 2.420485203255825363e-03 2.392259251521747752e-03
4.154695689957926419e+01 -3.753878919701292838e-01 2.296327647681505133e-03 2.472168010293086544e-03
4.170420599838194420e+01 -3.631961022177813692e-01 2.367875646134461227e-03 2.412082634276732120e-03
4.186123902761131887e+01 -3.360067502077861978e-01 2.327807650365683063e-03 2.437743297715623016e-03
4.201803464077677575e+01 -3.429721593563976878e-01 2.416466357802614720e-03 2.414391879502804025e-03
4.217530385597030573e+01 -3.786820486367208360e-01 2.403594928874227751e-03 2.409670382180752364e-03
4.233268701997334915e+01 -3.913342487298288042e-01 2.355582416645589285e-03 2.420532064346819952e-03
4.248951607587162727e+01 -3.466575405138898613e-01 2.398634539189903846e-03 2.421721221494167135e-03
4.264654483609960778e+01 -3.765508726854585042e-01 2.389758839570873400e-03 2.399047734875615727e-03
4.280379310469830756e+01 -3.434838390682919407e-01 2.381021472857259950e-03 2.408297706911343913e-03
4.296088465425426506e+01 -3.676180726333327375e-01 2.429711393775560533e-03 2.406587770608962021e-03
4.311796117340112033e+01 -3.593668585258014136e-01 2.419968900140454134e-03 2.397963057685084925e-03
4.327487296090120594e+01 -3.525329711037526459e-01 2.446527513953764086e-03 2.414902777757564102e-03
4.343215900797665086e+01 -3.812120278370434989e-01 2.450731745947171483e-03 2.441398094738897288e-03
4.358915756438649680e+01 -3.529397143048865204e-01 2.431962736353625396e-03 2.423766849236437190e-03
4.374590019442506872e+01 -3.379428667492864191e-01 2.354880063478104017e-03 2.372726028890509691e-03
4.390308196728489776e+01 -3.572302828750280046e-01 2.386876159394939970e-03 2.413800352088288446e-03
4.406026540140641856e+01 -3.613200066579755898e-01 2.399314777327240383e-03 2.376391100148085404e-03
4.421733947397627418e+01 -3.334460014295124175e-01 2.402291350879432255e-03 2.361334823822836861e-03
4.437441870967763435e+01 -3.453454279126649262e-01 2.419364054816084200e-03 2.387425192786221759e-03
4.453159054016027341e+01 -3.569884458982098274e-01 2.374866194037642941e-03 2.369669484937768356e-03
4.468864369014499971e+01 -3.474803197027239166e-01 2.425055617344158611e-03 2.388265995961925004e-03
4.484568230746856443e+01 -3.385714021724662848e-01 2.401981618435893289e-03 2.367710811102538733e-03
4.500269304354133482e+01 -3.205977278476278558e-01 2.386824150281717256e-03 2.329808091219698948e-03
4.515977284766967870e+01 -3.114945201124790231e-01 2.388111982277884085e-03 2.376809704034326624e-03
4.531686285685834292e+01 -3.264793520950338701e-01 2.412448157328098228e-03 2.393001605694589605e-03
4.547384088087638787e+01 -2.824317599603678453e-01 2.394237666981272310e-03 2.402905744396582454e-03
4.563096257271651268e+01 -3.324743039456136140e-01 2.446484738319106012e-03 2.436252043127822356e-03
4.578809215502025154e+01 -3.179449668700895515e-01 2.451249243080090307e-03 2.451838971291527263e-03
4.594526022451645275e+01 -3.649992712568957964e-01 2.432998106371710070e-03 2.411135421751125357e-03
4.610241065302696484e+01 -3.182152934204821593e-01 2.430834594929135676e-03 2.386701379248882919e-03
4.625942303757445018e+01 -3.286950120640294015e-01 2.421697083098510277e-03 2.473106099314248754e-03
4.641651864846570419e+01 -3.120557707986528762e-01 2.518365828218419467e-03 2.427853338154288207e-03
4.657358995219062336e+01 -3.482650883768095285e-01 2.470789596891329910e-03 2.530529973201844744e-03
4.673055122934910344e+01 -3.625244836060528830e-01 2.499642980317183603e-03 2.505527105571790040e-03
4.688769533932448752e+01 -3.294051520406007239e-01 2.491052223631652802e-03 2.456957384538364757e-03
4.704487487664587775e+01 -3.339398851464245310e-01 2.498899208529508503e-03 2.452278185157411115e-03
4.720194532843748902e+01 -2.937150468737039222e-01 2.511593636481143296e-03 2.443431769414634250e-03
4.735881112539362192e+01 -3.025611823019689894e-01 2.522094267314214499e-03 2.492078157029607201e-03
4.751594922127566889e+01 -3.266175524183814183e-01 2.444381393888666720e-03 2.495118785267900346e-03
4.767320843071468062e+01 -3.019374276026868253e-01 2.475298353277935026e-03 2.430100741096887125e-03
4.783005539646318738e+01 -3.366635619867957008e-01 2.505830933068781650e-03 2.446891743331997601e-03
4.798705586135240253e+01 -3.072354703482051974e-01 2.540025141604453866e-03 2.445059388137283459e-03
4.814425264367952195e+01 -3.140179322789442007e-01 2.534595636360715588e-03 2.499185565035671151e-03
4.830162275879657585e+01 -2.814328717699559612e-01 2.532659483857112401e-03 2.470541543904348786e-03
4.845851778780102848e+01 -2.840932298209707940e-01 2.589608356923470134e-03 2.523745899135355561e-03
4.861520715314837560e+01 -2.785190348791025117e-01 2.596622533348401721e-03 2.514746407236399979e-03
4.877242153506116296e+01 -2.899224614726439997e-01 2.591170394859750644e-03 2.498266616167114148e-03
4.892970299330707462e+01 -3.038058561239974642e-01 2.553638615902607562e-03 2.464572526382074157e-03
4.908687730184542630e+01 -2.950124641872337583e-01 2.591483402206150224e-03 2.475916706516509674e-03
4.924388320254833218e+01 -2.991996115308590554e-01 2.638192285917329016e-03 2.556863291859323532e-03
4.940103443741363520e+01 -2.792473812515359755e-01 2.665362763823044857e-03 2.594002688544259135e-03
4.955831508412312303e+01 -2.856517028357983268e-01 2.709210834824254521e-03 2.554588795549407598e-03
4.971529298264005092e+01 -2.737755649501041333e-01 2.673271985366818156e-03 2.582428066802832257e-03
4.987219821721060953e+01 -2.543301476713818454e-01 2.832584987885769685e-03 2.526843377316191717e-03
5.002932603361167452e+01 -2.851162784786303583e-01 2.784537167133359793e-03 2.633907202647345954e-03
5.018631556218895895e+01 -2.636994294931310767e-01 2.796066663828587415e-03 2.656988898794349595e-03
5.034318046550159664e+01 -2.730919532288749174e-01 2.833680710969023551e-03 2.661789946818186696e-03
5.050027700963133270e+01 -2.615610371212048202e-01 2.791996695534013345e-03 2.603261733994211707e-03
5.065760132077017630e+01 -2.510829255666270909e-01 2.804351315174277368e-03 2.665185303464544329e-03
5.081468395693172369e+01 -2.297989604904137617e-01 2.840662231733721496e-03 2.618920438542951361e-03
5.097152509422535616e+01 -2.194003564371310999e-01 2.934627997711757377e-03 2.692891169394053680e-03
5.112862248776254148e+01 -2.429572378020669055e-01 2.905294211848529276e-03 2.680767235651276836e-03
5.128592090654180424e+01 -2.576470295888664830e-01 2.918637456198785746e-03 2.682977684940137178e-03
5.144309555085856545e+01 -2.390814180944900724e-01 2.968470970441111981e-03 2.700200664837948406e-03
5.160011158510122442e+01 -2.288561599894722853e-01 2.926440253473345382e-03 2.739782134934488130e-03
5.175731960526265141e+01 -2.160852796210090132e-01 3.034343668248636657e-03 2.689713876228829337e-03
5.191461796314855093e+01 -2.706686023652381534e-01 2.998850938127768130e-03 2.730054809933110151e-03
5.207135607669539468e+01 -2.613648952254658542e-01 3.043498521508164727e-03 2.794891782748205530e-03
5.222806478446842959e+01 -2.149763568796533852e-01 3.043321598830471195e-03 2.853555747736152316e-03
5.238543254445986008e+01 -2.503160621219366888e-01 3.068785288893050196e-03 2.827627172399037846e-03
5.254257611595600252e+01 -2.889115337845432618e-01 3.166523318317374710e-03 2.938505682075283516e-03
5.269931833415011369e+01 -2.477843736978852518e-01 3.139007864324545611e-03 2.941503252567112883e-03
5.285639491892390396e+01 -2.957938222722914512e-01 3.287012091348356143e-03 2.956410652693604920e-03
5.301344724624242843e+01 -2.730697781963772885e-01 3.296930705334173879e-03 2.946941936253585741e-03
5.317051876980443836e+01 -2.374754857216408999e-01 3.250764422318934335e-03 2.900085891460531425e-03
5.332766755103651235e+01 -2.196555926964029459e-01 3.360936815767298896e-03 2.888209169971453234e-03
5.348500298077735948e+01 -2.333302235004105774e-01 3.424678552123002276e-03 2.991352020956687414e-03
5.364223496464932595e+01 -2.534459449765561478e-01 3.352586226086724710e-03 2.964078669289143403e-03
5.379894742060574231e+01 -2.265923958530566273e-01 3.422914894361247379e-03 2.995097199760323684e-03
5.395600833673379526e+01 -1.809059597599840530e-01 3.548709063646748613e-03 3.057927795622228904e-03
5.411326202300976718e+01 -1.939471085553913510e-01 3.547748432653890886e-03 3.030357925035400725e-03
5.427042920719081565e+01 -1.735236308808119077e-01 3.708952399886559798e-03 3.079299839217504702e-03
5.442747824826232517e+01 -1.415851719761820060e-01 3.738883512678933731e-03 3.162039601352146199e-03
5.458441850666565642e+01 -2.005471968587095311e-01 3.752482982475185535e-03 3.139729079688807593e-03
5.474136316151507486e+01 -1.782506421310315059e-01 3.666809669612769353e-03 3.186799005278276222e-03
5.489845354594736193e+01 -1.669934194442916908e-01 3.795532372866134135e-03 3.261882627907540869e-03
5.505543071674868116e+01 -2.108452948187580223e-01 3.822334086654644546e-03 3.295449191496832055e-03
5.521246252122121234e+01 -1.854367527208840571e-01 3.810007802239921866e-03 3.268372021982516359e-03
5.536984311615618992e+01 -2.001224833661481295e-01 3.899102917864239251e-03 3.384680524204077869e-03
5.552689545859513487e+01 -1.854273500128385266e-01 3.970950842366906264e-03 3.284619937054263951e-03
5.568345304981696842e+01 -1.477615275551540652e-01 3.983582674950680684e-03 3.454760898302134797e-03
5.584069806587591955e+01 -1.269409770205998933e-01 3.982052790216566475e-03 3.432180683404154834e-03
5.599821974258232160e+01 -1.526628409860855407e-01 4.032410954697790602e-03 3.368759055714283697e-03
5.615502105568013036e+01 -1.865475871818817466e-01 4.072957640986861992e-03 3.561998838988255419e-03
5.631202680508972236e+01 -1.477867960694783378e-01 4.164449972586217914e-03 3.481233368683573064e-03
5.646899832525830476e+01 -1.544467414056001353e-01 4.096074317310829417e-03 3.476886472006412033e-03
5.662594416693222854e+01 -1.672993188248991792e-01 4.083830487830520002e-03 3.436258891431670862e-03
5.678259778611094788e+01 -1.725885403541837504e-01 4.109184575846153847e-03 3.401921603759346362e-03
5.693974320550065471e+01 -2.119901869251702986e-01 4.073596210884141387e-03 3.377374184586423665e-03
5.709745763556057341e+01 -1.908586385117832518e-01 4.133167038013817011e-03 3.359970241730454547e-03
5.725425030629697432e+01 -2.009910242740446662e-01 4.077894726042505941e-03 3.325281519821115649e-03
5.741133935045357362e+01 -1.809276092009130255e-01 4.093578425077734791e-03 3.278015800361622906e-03
5.756884321301916430e+01 -2.011078055211274751e-01 4.219447958842023443e-03 3.537921311752533805e-03
5.772583149644106726e+01 -1.918828424621825957e-01 4.257476597472994312e-03 3.402540297706201609e-03
5.788266851229413135e+01 -1.873436347584106487e-01 4.338399996576322061e-03 3.498032653221742633e-03
5.803962257639496869e+01 -1.246622227372115865e-01 4.434847708016398556e-03 3.494125208621750352e-03
5.819689621995856754e+01 -1.627221665796130534e-01 4.435307904571473593e-03 3.624029652047478910e-03
5.835388594986143573e+01 -1.594077237111304335e-01 4.647341966874094822e-03 3.581428551922801948e-03
5.851048421778040876e+01 -1.412461708928089144e-01 4.570519484596040696e-03 3.621269846584474709e-03
5.866767751707434542e+01 -1.262940837808717576e-01 4.626026890769435740e-03 3.782032385073855890e-03
5.882508228998036515e+01 -1.406906330962501006e-01 4.697347765090423462e-03 3.703752593536739114e-03
5.898224736123371770e+01 -1.842867208034261461e-01 4.744196787050473409e-03 3.683862674451284739e-03
5.913884692477888905e+01 -1.342716425170096817e-01 4.628695205021923428e-03 3.720953807707841950e-03
5.929564464283270553e+01 -1.826700980928451512e-01 4.828455261101940142e-03 3.894801225718861389e-03
5.945352258001084778e+01 -1.816420431233498611e-01 4.783706163100718244e-03 3.980459746814114450e-03
5.961070231467085279e+01 -1.891002903253838630e-01 4.905353783292711392e-03 3.884936101614476674e-03
5.976731456083252425e+01 -1.359387666200652378e-01 5.011594749225006980e-03 3.988813792680481057e-03
5.992470345964100886e+01 -1.903154880729445442e-01 4.932077805041687815e-03 4.178918803805210108e-03
6.008258871068673557e+01 -1.725320636089435200e-01 4.982785766712839910e-03 4.047446451548348742e-03
6.023932684135217386e+01 -2.032860235217425482e-01 5.082840413654158597e-03 4.186523068801187124e-03
6.039577003462449767e+01 -1.839959042510173060e-01 5.213752567492957457e-03 4.105121027040468593e-03
6.055359641907271140e+01 -1.718156939303076558e-01 5.275640730665769919e-03 3.969607651986369404e-03
6.071075143884250735e+01 -1.633691811572609842e-01 5.213867585449209578e-03 4.348057490325790177e-03
6.086694421945293243e+01 -2.392977939157419909e-01 5.233930716981327093e-03 4.104307831941749612e-03
6.102425531444302464e+01 -2.292965107687411075e-01 5.483380009212138369e-03 4.351328426706409583e-03
6.118247453171182570e+01 -1.927320584608068765e-01 5.522018344102431510e-03 4.436288813834772179e-03
6.133922796139895439e+01 -2.356061713420119497e-01 5.539808073749303771e-03 4.536884955203593882e-03
6.149500095360918550e+01 -2.094914128889434346e-01 5.549015400516521014e-03 4.661975222333847139e-03
6.165273087261874707e+01 -2.003845815165319622e-01 5.576618529654785508e-03 4.642466408565994879e-03
6.181035768224073479e+01 -1.753525143342062331e-01 5.758919135092161780e-03 4.651026426856102493e-03
6.196658879224211347e+01 -1.566921210007679865e-01 5.823611170245337164e-03 4.998160283947635125e-03
6.212335790698150362e+01 -1.538535582255450562e-01 6.021221257672217976e-03 4.763252624632203537e-03
6.228107077783446499e+01 -1.518512263287906949e-01 6.098753762951177222e-03 5.186958069375777886e-03
6.243888440645920923e+01 -1.817529930275101901e-01 6.042814597808122100e-03 5.265268186568345006e-03
6.259509475519177357e+01 -1.813519410164642076e-01 6.046640012854630382e-03 5.189499782984587951e-03
6.275126133402213213e+01 -1.900988952393064813e-01 6.109891125986703815e-03 5.638884514301570339e-03
6.290970383392785692e+01 -1.023265730603790252e-01 6.333996166183716685e-03 5.361691955966198589e-03
6.306742373223402609e+01 -7.647817421874389399e-02 6.381085315146565844e-03 5.398182796742910863e-03
6.322280294943617918e+01 -6.960561629796564731e-02 6.617767345025850866e-03 5.419193402679508761e-03
6.337987377443261039e+01 -1.351504529605653815e-01 6.691747329349614047e-03 5.505192636814519418e-03
6.353882537730356006e+01 -3.121955511874098532e-02 6.596317373380793277e-03 5.868136421333676640e-03
6.369583997100188810e+01 -6.602373549496470817e-02 7.571326409895526993e-03 6.243219766979327644e-03
6.385069315579813320e+01 -1.119157899834299502e-01 7.161005746520033959e-03 5.996217429457393992e-03
6.400839299893164025e+01 -4.907122450089618226e-02 7.037656392413452200e-03 6.709433616524719188e-03
6.416809543670143512e+01 -8.847710348858592311e-02 7.213000754640271073e-03 6.786344463417214035e-03
6.432368783513420851e+01 -1.865437366587974766e-01 7.555768140927785100e-03 7.111629289875363684e-03
6.447781313266034431e+01 -1.162227021015791312e-01 7.250685274688010822e-03 7.410763014393285941e-03
6.463688740304701241e+01 -7.141082338675366903e-02 7.439956220826657481e-03 7.596699720721800976e-03
6.479625487617632018e+01 -1.050367245341652794e-01 7.392445492375897091e-03 7.547817023086061776e-03
6.495148303704421267e+01 -1.287735038169341151e-01 7.502558604406723772e-03 7.860062413173843354e-03
6.510742899732220224e+01 -1.488109976342743279e-01 7.984766726785502353e-03 8.490587781574828255e-03
6.526686243779083441e+01 -1.544210897211361622e-01 7.851466341415758166e-03 8.709954527253739587e-03
6.542332085458025404e+01 -1.929659978676046550e-01 8.068437719528941121e-03 8.408400028557133990e-03
6.557521362548898480e+01 -1.536149206232688413e-01 8.855114987021463560e-03 7.774353539908543560e-03
6.573493827371439124e+01 -1.522387004518499232e-01 9.352720742266616358e-03 8.295344631780063663e-03
6.589776439269822106e+01 -1.988903325689690416e-01 9.401824195740359283e-03 8.334249871678458751e-03
6.605074465606993783e+01 -1.866827083960199696e-01 8.766797746843531247e-03 9.694295792584198268e-03
6.620098780477589173e+01 -1.958148280032914468e-01 9.640301336323899711e-03 8.969841712413880591e-03
6.636352405735766524e+01 -1.924916651979266535e-01 9.809365236772678298e-03 8.992041926322752107e-03
6.652950706440147144e+01 -2.665769370665713733e-01 1.052774909545573997e-02 8.884792020856787514e-03
6.667987868647104222e+01 -1.941463420726889100e-01 1.087805464097192990e-02 8.964978293596615952e-03
6.682727252513147675e+01 -1.266670918692042735e-01 1.147714668343822152e-02 9.270422737455366255e-03
6.699329411113721733e+01 -3.013239807832154282e-01 1.251065115964946316e-02 1.002974105449356418e-02
6.716167327558071065e+01 -2.402856919262656710e-01 1.209362803324902542e-02 1.029537424864823865e-02
6.730495891174597034e+01 -2.711317078212628351e-01 1.205383109506320480e-02 1.081036443549453219e-02
6.744911693033651545e+01 -2.249438626655386464e-01 1.331132915958858215e-02 1.342623842440007244e-02
6.762229848423206136e+01 -2.697630260865018226e-01 1.429529066951410951e-02 1.344660193106600801e-02
6.779550657872420061e+01 -3.137244679669829450e-01 1.533206472856654158e-02 1.317351037206765038e-02
6.792744758467283361e+01 -3.435040736754419455e-01 1.602960178804740954e-02 1.213693949309403719e-02
6.806966116498493591e+01 -1.817648443824547988e-01 1.755447740635798087e-02 1.339139102942261440e-02
6.824869617173445135e+01 -2.833386793550895510e-01 1.618953624637954267e-02 1.661711115434603980e-02
6.842663219513711681e+01 -4.487893573958846860e-02 2.013614450045099133e-02 1.778130969966693065e-02
6.856220509771767979e+01 5.636271948316785851e-02 1.841363945434875901e-02 1.730793526729396473e-02
6.869683295929898748e+01 2.607993362494285747e-02 1.918627739932475193e-02 1.700105405666520533e-02
6.887607845862255829e+01 9.315978978778931274e-02 2.211027592890804638e-02 1.630207970249885480e-02
6.905498360928540080e+01 -1.644228118128979177e-01 2.528265955923057404e-02 2.191856065223777780e-02
6.919731970468525617e+01 4.950789337123387424e-02 2.972290511083996306e-02 2.452978317497786498e-02
6.932079956170674961e+01 1.074681443976725909e-01 4.109030970887574130e-02 3.761978480213791498e-02
6.949139529302948404e+01 1.425849997859412743e-01 5.615816999223990219e-02 7.371447147385325194e-02
6.964989558659395641e+01 1.355837818881316659e-01 2.768265116605203024e-01 1.637559753929743178e-01
