2.224910306174238406e-01 -9.487784163471942867e-01 9.349699261362708569e+00 9.217401983293560974e+00
3.769780541266394280e-01 -8.873498989197725617e-01 8.281558302380794601e+00 6.282272534264977004e+00
5.361975466142091529e-01 -7.328997802340503354e-01 2.759139073306837275e+00 2.855025793235075326e+00
6.959151941223191695e-01 -5.768023319115013203e-01 1.936028892059174611e+00 1.696689111273372630e+00
8.587749464508526165e-01 -3.523954201424081001e-01 1.305873421147186741e+00 1.054354392322541134e+00
1.011971690356436415e+00 -4.893909561835615429e-01 1.044879750105413008e+00 7.233874102621763447e-01
1.169179170893919872e+00 -2.915634603010432979e-01 8.345583421326042695e-01 6.382322195957759181e-01
1.327056275441487854e+00 -9.407972730136411610e-02 6.553558311165159633e-01 6.023483224918476653e-01
1.486340610235147519e+00 -4.997564909844526282e-01 5.927464179786209320e-01 4.905457751100943398e-01
1.644056203647197956e+00 -4.059710573435762471e-01 5.554317025781538852e-01 3.762355987487560616e-01
1.799158226674683947e+00 -5.123759483574357176e-01 5.332170260507256287e-01 3.529615333762505247e-01
1.956965228922086908e+00 -4.687283782878145511e-01 4.740019635529280073e-01 3.829730219840509209e-01
2.117599736458634752e+00 -5.183950153416766460e-01 3.829682093568928525e-01 3.347767025707268362e-01
2.274213655131842593e+00 -5.194889018227872857e-01 3.520669848381311473e-01 2.828265147777615507e-01
2.430197444207553126e+00 -4.999315197213011763e-01 3.496513178210487460e-01 2.719315017065316864e-01
2.586907597398416137e+00 -5.497318520751390825e-01 3.586080851057747432e-01 2.532378449071698845e-01
2.743941110636397784e+00 -5.070418477944613755e-01 3.162067383710555069e-01 2.447524990785270027e-01
2.901357711950232954e+00 -5.372472106649036627e-01 3.038782670432392807e-01 2.182550685610755992e-01
3.059174166343713086e+00 -5.593472048332646107e-01 2.803223891725243333e-01 2.009047198132229151e-01
3.217043157725734570e+00 -5.391796121751688542e-01 2.501988890224459139e-01 1.917358865878987240e-01
3.373752004160201601e+00 -5.231296141944140610e-01 2.488891596379212978e-01 1.814942393284413036e-01
3.529873897105368918e+00 -4.635074427838958289e-01 2.340924489577730638e-01 1.770934772263742518e-01
3.687833939368670766e+00 -5.704223486137784960e-01 2.255179723553188964e-01 1.759883244435140326e-01
3.844662685630670929e+00 -5.560106733666196899e-01 2.049965906791307857e-01 1.637406049206525660e-01
4.001643860127775731e+00 -5.887452941050052013e-01 2.073185375850357948e-01 1.578514987266331215e-01
4.159977921717700866e+00 -4.972739299552891845e-01 1.881784425455530763e-01 1.526144054903677827e-01
4.317989114441106224e+00 -5.298572241212554657e-01 1.809952824848485298e-01 1.373531049568627593e-01
4.474413033442711018e+00 -5.713961822127407997e-01 1.724626119274887959e-01 1.261319152806675281e-01
4.630884226619629729e+00 -5.060944061859292686e-01 1.569029665849061839e-01 1.195424855488525090e-01
4.787016968352893365e+00 -5.514972148955921138e-01 1.504190299170371503e-01 1.182137592701775208e-01
4.944724671628838664e+00 -5.623264222696316983e-01 1.450163607010703515e-01 1.096341822558422191e-01
5.102344338619310804e+00 -5.298967331048064500e-01 1.398920176977862806e-01 1.066918382689450440e-01
5.259848256524614740e+00 -6.251037472919915849e-01 1.282045370694081532e-01 9.927068904128746873e-02
5.417274274555754054e+00 -5.745906661569705198e-01 1.226802222843701995e-01 9.430209931623269315e-02
5.574250703040379840e+00 -5.874180499031839142e-01 1.159282817678080890e-01 9.554382810752666544e-02
5.731550067715854624e+00 -5.903841832824502367e-01 1.059549307117052530e-01 8.891536443996173045e-02
5.887853770917030438e+00 -5.840468393634725697e-01 1.008506930115395661e-01 7.721654568652221162e-02
6.044776459544647373e+00 -6.012269845510818111e-01 9.463434736426065697e-02 7.868162870192753344e-02
6.202141348599048420e+00 -5.602408767059530170e-01 8.864165641026690301e-02 7.461892009990798991e-02
6.358730642182385928e+00 -5.198593973254443945e-01 8.458892134111876959e-02 7.025443537159108132e-02
6.515835629712012356e+00 -5.825652008903446921e-01 8.237995500431197216e-02 6.825864222061622799e-02
6.673143427242401060e+00 -5.383107202474886055e-01 7.827604082542054253e-02 6.867487556936159587e-02
6.831058357852889174e+00 -5.646603857306125018e-01 7.243168746602149377e-02 6.268643700369475047e-02
6.988824200211039894e+00 -5.139470797876515284e-01 7.103275995478222637e-02 5.837802464286812043e-02
7.145915730786232878e+00 -5.791539131359378922e-01 6.763273405385460124e-02 5.526148163526609786e-02
7.302190678485778186e+00 -5.520013956216086592e-01 6.372657662759022290e-02 5.303603261091546783e-02
7.458624611099556212e+00 -5.792472683920881771e-01 6.069864630581355697e-02 4.971799918551223635e-02
7.615956598517993115e+00 -6.187666068156472132e-01 5.747485028981251520e-02 4.669206937402261420e-02
7.773197817507992546e+00 -5.602751638358001163e-01 5.232105125661142692e-02 4.281466680802444025e-02
7.930420429045994979e+00 -6.105880303088163652e-01 5.046985120547534814e-02 4.302823554120534938e-02
8.087968919861056705e+00 -6.245459716630871183e-01 4.853312704199918420e-02 4.219624078773717007e-02
8.245420543875988884e+00 -5.626869545005164230e-01 4.450540874651959938e-02 4.184603596801222264e-02
8.402941073642891112e+00 -6.184006518994809021e-01 4.347115147719617101e-02 3.980077838512029870e-02
8.559250939273184144e+00 -6.130426776767974317e-01 4.225221885686257506e-02 3.766922360235321066e-02
8.716195481665673483e+00 -6.140052370500039824e-01 3.969354885364908408e-02 3.545998587996252588e-02
8.873529036028294570e+00 -6.281259204370046589e-01 3.621034817995453375e-02 3.409806632593429671e-02
9.029792338552599773e+00 -6.100113868092971181e-01 3.511125331779719333e-02 3.324336062546641435e-02
9.186917723908930355e+00 -6.134062458926841099e-01 3.373428179307254998e-02 3.118334225590183029e-02
9.344119488193976863e+00 -5.648972110504525412e-01 3.097011030696897663e-02 2.884564147874621801e-02
9.501635078687829861e+00 -5.937269295335608765e-01 2.966357053990521797e-02 2.952043308742730021e-02
9.658849653149557568e+00 -5.936742102686565214e-01 2.763253740187774504e-02 2.759887364948065622e-02
9.815350453411124221e+00 -5.732943068723246327e-01 2.686702562219223447e-02 2.807682524825956885e-02
9.973161250804835731e+00 -5.618433886047040637e-01 2.620386638708295177e-02 2.570295944146338760e-02
1.013018311144207040e+01 -5.726320054185196629e-01 2.463464515192902160e-02 2.438049434611184313e-02
1.028729119392619218e+01 -6.000091416251788212e-01 2.328498469807434648e-02 2.527754120953795008e-02
1.044453568029122792e+01 -6.047260917802991242e-01 2.185659556438856316e-02 2.279873230668253564e-02
1.060100162181282712e+01 -5.647338401109607275e-01 2.054256608137595974e-02 2.236262201659341975e-02
1.075856422567547988e+01 -5.685146795258043673e-01 2.023357177378702285e-02 2.182992305403199523e-02
1.091589640063906330e+01 -5.710950276075252852e-01 1.907464189419269193e-02 2.064709460824263806e-02
1.107249045805190768e+01 -5.721989996852945293e-01 1.799116432660746723e-02 1.988969733284992256e-02
1.122908604632464780e+01 -5.534931481538110098e-01 1.802569580938623642e-02 1.870885235307850891e-02
1.138603536563683072e+01 -5.181153617723792681e-01 1.695375344108306440e-02 1.817815475909640918e-02
1.154408617575264451e+01 -5.596414114727734646e-01 1.697147406133628356e-02 1.800522027521681695e-02
1.170161060505927608e+01 -5.531165671417865859e-01 1.616369182420592659e-02 1.770749080818092083e-02
1.185871310691091374e+01 -5.349369743903620300e-01 1.544501833802915981e-02 1.744314134768867874e-02
1.201589034203849948e+01 -5.021804178283644227e-01 1.489649699776831107e-02 1.638181704755602847e-02
1.217254814597174217e+01 -5.384830673659264377e-01 1.446796328926354749e-02 1.559826822633817237e-02
1.232924274899989037e+01 -5.261553759142592046e-01 1.365534394096791851e-02 1.457559490308496346e-02
1.248626686786133888e+01 -5.277663597414173902e-01 1.347820818927968241e-02 1.360963738201619554e-02
1.264289762833855235e+01 -4.699746358232277377e-01 1.355377314687863759e-02 1.383096359464542832e-02
1.279980999067023717e+01 -5.318182614518142115e-01 1.215911484037157653e-02 1.346895100319952208e-02
1.295781524442101507e+01 -5.141687811861881396e-01 1.232005711399560346e-02 1.255184917210549513e-02
1.311522409507274922e+01 -5.359155393464729578e-01 1.149596393540823144e-02 1.278111892848693767e-02
1.327189327120834150e+01 -5.538738523331151464e-01 1.085025185997614758e-02 1.199540089596080189e-02
1.342893381986681511e+01 -5.610960871436727615e-01 1.073625452398836028e-02 1.211786005063172737e-02
1.358644890945947914e+01 -5.423088052942296455e-01 1.047306350135652521e-02 1.145162912151813546e-02
1.374357663098054338e+01 -5.889165058402452413e-01 9.993377997350321590e-03 1.128245969498924660e-02
1.389984356875444504e+01 -5.821956957808572808e-01 9.276532542948997054e-03 1.115465424247995448e-02
1.405713669152414269e+01 -6.041308118783376147e-01 9.064617621876580253e-03 1.014148986955819287e-02
1.421502884306816483e+01 -5.732668870916552972e-01 8.950267223267603656e-03 9.924916851762327977e-03
1.437201147355519737e+01 -5.742712520859886149e-01 8.437106832218484870e-03 9.794537166315425702e-03
1.452887552585139908e+01 -6.043174294519710887e-01 8.457675798145276869e-03 9.204231992156509945e-03
1.468598624165242050e+01 -5.616950877973752032e-01 7.990014613514359251e-03 9.054478167769035996e-03
1.484294055074224872e+01 -5.258388793120031268e-01 8.338743990669861272e-03 8.455616699869779318e-03
1.499992988698420504e+01 -5.124068676185382643e-01 7.847487476030774040e-03 8.363724668760060682e-03
1.515669778781069255e+01 -5.286322764421169662e-01 7.368533605955357099e-03 8.270961214561042829e-03
1.531367394111133606e+01 -5.162042108482910452e-01 7.196407578686480830e-03 7.697236665373737539e-03
1.547119433260378685e+01 -5.090248293836010518e-01 7.389825546341542359e-03 7.858124884465475871e-03
1.562827641859474781e+01 -5.215056491498661906e-01 6.561926572872725863e-03 7.627357778259906580e-03
1.578506862595802573e+01 -4.500344951121496018e-01 6.505229380625183674e-03 7.318262729333457201e-03
1.594250890683013822e+01 -4.851492775238539501e-01 6.180904397348340948e-03 7.276866993822293447e-03
1.609964445828639157e+01 -4.470687773449198432e-01 6.453993539192639205e-03 7.146110397092465469e-03
1.625671354291527848e+01 -4.554793420725267716e-01 5.995597690404958977e-03 6.844664460168516443e-03
1.641396529424759620e+01 -4.140327464397924873e-01 6.033732297627136462e-03 6.742492819052258411e-03
1.657092320589813284e+01 -3.690026638762486932e-01 6.037845851995410872e-03 6.382838339327054356e-03
1.672796361240548535e+01 -4.303440461512444970e-01 5.790842319716247438e-03 6.483550175525411297e-03
1.688517549643901461e+01 -4.290203135908906562e-01 5.577762266424173519e-03 6.330139273079515849e-03
1.704208878648300995e+01 -4.376040644409509017e-01 5.625897179566516533e-03 5.980291760358449372e-03
1.719898133465424550e+01 -4.196400561828309561e-01 5.196747573270212375e-03 5.742568225811826681e-03
1.735586079259882908e+01 -4.549313605282327977e-01 4.987177643706808099e-03 5.866936995194663336e-03
1.751293850608684366e+01 -4.147914322342773907e-01 5.130107163563948913e-03 5.744525865766907276e-03
1.767031239152179367e+01 -4.421593144813074083e-01 5.097525174651137622e-03 5.289996084258215790e-03
1.782754752418730249e+01 -4.065751613507141426e-01 4.847808217241596565e-03 5.239176007277726067e-03
1.798479562792856612e+01 -4.456212427803308285e-01 5.124436665363207681e-03 5.043607259844359869e-03
1.814208451899528285e+01 -4.427077572942678119e-01 4.745074548277701185e-03 5.046447055172557407e-03
1.829913170677337320e+01 -4.755666236408584435e-01 4.909681980669822199e-03 4.737623114230977810e-03
1.845626997621230814e+01 -4.242335723805755188e-01 4.562857844437098395e-03 4.602955081515720109e-03
1.861316460528984251e+01 -4.374668680120303854e-01 4.605582642931337935e-03 4.660897662020505039e-03
1.876967775485677947e+01 -4.519931947865777344e-01 4.724431592276090441e-03 4.249638654081336862e-03
1.892689616329011315e+01 -4.838937073517198262e-01 4.534636262417480849e-03 4.272659955848601490e-03
1.908410308400239330e+01 -5.046911039719972347e-01 4.333917924955393158e-03 4.230941625115483030e-03
1.924115739965566618e+01 -5.166037305069728358e-01 4.229257449564502100e-03 4.174789095335494638e-03
1.939848716293853315e+01 -5.259457912285628867e-01 4.170803114357286498e-03 4.175610984934318738e-03
1.955582285497396455e+01 -4.598945011656646598e-01 4.181590009638102602e-03 3.833589843357106033e-03
1.971328734130059956e+01 -4.910413230070604373e-01 3.946170917161342245e-03 3.742368965344250540e-03
1.986974141744880384e+01 -4.578423147978968877e-01 3.876198627148538800e-03 3.688171621056024387e-03
2.002622774148088425e+01 -4.520240609809077492e-01 3.886317960883711817e-03 3.783150152406509602e-03
2.018341015431840191e+01 -5.097765114264261044e-01 3.646576404429047440e-03 3.729930124585626762e-03
2.034057372093466398e+01 -4.403686970874013396e-01 3.659923716768511120e-03 3.542084229940390978e-03
2.049788249740258905e+01 -4.292123538708209618e-01 3.649809368617923898e-03 3.389194710363242075e-03
2.065488159098197229e+01 -4.664340868608286006e-01 3.486265502296132749e-03 3.450248004471681215e-03
2.081224267520101279e+01 -4.654673620004184942e-01 3.434434786093600034e-03 3.515870240210306006e-03
2.096989827302694565e+01 -4.311716605969527216e-01 3.375218224513831713e-03 3.395962685344172671e-03
2.112658659925761029e+01 -4.514098589165096431e-01 3.296872010025278521e-03 3.481512360644016361e-03
2.128320716890661757e+01 -4.559706419770739316e-01 3.378594995578213574e-03 3.246704061679530403e-03
2.144049565975502247e+01 -4.713531080943952345e-01 3.178123440084959506e-03 3.300796795689116530e-03
2.159764619265603613e+01 -4.463672185866255360e-01 3.166729401412618061e-03 3.041993756601761491e-03
2.175459686371899437e+01 -4.388428907317897254e-01 3.020733793491710544e-03 3.034918988495658321e-03
2.191160274018816878e+01 -5.405487661307893932e-01 2.886617311646997881e-03 3.006786360788972923e-03
2.206875968349933714e+01 -4.725276715145601547e-01 2.842827227862677105e-03 2.947520095114955323e-03
2.222583192098467109e+01 -4.366867322862304501e-01 2.782683859837768465e-03 2.832559840784765713e-03
2.238271061778281634e+01 -4.593657067796247939e-01 2.804624749782139072e-03 2.807614386347440094e-03
2.253989130416773889e+01 -4.499552167931153424e-01 2.714788359424172379e-03 2.646456019996519787e-03
2.269708332023706987e+01 -4.443576551164296617e-01 2.642304373698414494e-03 2.668006331005719472e-03
2.285436026579965940e+01 -4.504681139246409782e-01 2.571621643055418439e-03 2.650360862909042006e-03
2.301157704429403594e+01 -4.646644313507632962e-01 2.561934845265331339e-03 2.544327206800579139e-03
2.316858603816177720e+01 -4.602756135904075840e-01 2.522829162451374705e-03 2.425544302867921245e-03
2.332581049338731916e+01 -3.883250311916742747e-01 2.498715382753148931e-03 2.575670919136190725e-03
2.348316446393469548e+01 -4.240333524472577609e-01 2.478515882411248816e-03 2.518176164206794871e-03
2.363993702599548996e+01 -3.878898057346381600e-01 2.440757381607059316e-03 2.387686539630777538e-03
2.379665004636292736e+01 -4.115587563763175027e-01 2.437773887621121419e-03 2.463424924881470971e-03
2.395353313882959512e+01 -4.350982754997704816e-01 2.447734972334878866e-03 2.328882280425995360e-03
2.411087736277276505e+01 -4.206745712000714010e-01 2.350118591901179544e-03 2.372230184373174625e-03
2.426838908392062066e+01 -4.981015895029768381e-01 2.247111642950210854e-03 2.280643930345199050e-03
2.442520192112507260e+01 -4.612515914428383379e-01 2.193116631093115429e-03 2.141695284335587944e-03
2.458205831340853464e+01 -4.437048825060116441e-01 2.183240912228297595e-03 2.200866441473890104e-03
2.473892422991668383e+01 -4.122407627888288739e-01 2.096774055525840903e-03 2.102522553326672140e-03
2.489614075480276867e+01 -4.628155867931334488e-01 2.037605330430856346e-03 2.089748699787744458e-03
2.505340526859593098e+01 -5.210272258956050173e-01 1.947974055704760786e-03 2.077801597061386656e-03
2.521012063337838427e+01 -4.545664306587419157e-01 1.961363635926765929e-03 2.051819475882868567e-03
2.536735374590608671e+01 -4.484970385091249789e-01 1.900540458139184400e-03 1.968516198437764500e-03
2.552481388593243139e+01 -4.678375695106371523e-01 1.887755397739044900e-03 1.989485370313379825e-03
2.568184951093486035e+01 -3.945259066674998705e-01 1.837825173835895077e-03 1.899595717156576762e-03
2.583897954740043090e+01 -4.601150281808454312e-01 1.834834361789919018e-03 1.883793117827128405e-03
2.599618893481487447e+01 -4.396008482334695100e-01 1.864841140061942841e-03 1.888849460788709876e-03
2.615317437358262609e+01 -4.263858895364222024e-01 1.795967637145134271e-03 1.889443373167517702e-03
2.631008592027571424e+01 -4.650179361870570016e-01 1.733414873346303658e-03 1.720305491238453659e-03
2.646701761629021732e+01 -4.576366741773533753e-01 1.785057989402888661e-03 1.727933843642859638e-03
2.662410832664473048e+01 -4.407504073104179243e-01 1.753802023461458522e-03 1.722012536660948298e-03
2.678141943602088659e+01 -4.775431856679709930e-01 1.696575097384610872e-03 1.713686734383857834e-03
2.693860122002694979e+01 -4.131713658749531226e-01 1.632993602249735226e-03 1.635000766277352503e-03
2.709562050470108829e+01 -4.290496292274474932e-01 1.625191755367772026e-03 1.609222509957345011e-03
2.725270059857041716e+01 -4.212956695746112867e-01 1.654562973633988150e-03 1.636323162026326892e-03
2.740974164891607856e+01 -4.440934770301941947e-01 1.617242620517934200e-03 1.616687259200672543e-03
2.756702830147103711e+01 -4.273100670905805032e-01 1.550112973179357170e-03 1.566492102356173291e-03
2.772407618987199740e+01 -4.175965415163332972e-01 1.515087177573454236e-03 1.592003037316944061e-03
2.788063571159398180e+01 -3.996664608324150825e-01 1.505352620937420354e-03 1.488305675867408794e-03
2.803755319036919502e+01 -3.839830693938443562e-01 1.513638523171058434e-03 1.496887707880078036e-03
2.819481434561980038e+01 -3.855878614330903731e-01 1.424514898556730963e-03 1.487980842349930985e-03
2.835223881670957269e+01 -4.349029406261841202e-01 1.497705175732724162e-03 1.454610932694748102e-03
2.850910124126014722e+01 -4.214242563827392263e-01 1.400014801215285296e-03 1.463416703121699254e-03
2.866597950802448835e+01 -4.326853177716491472e-01 1.453576891679011053e-03 1.400101942818587908e-03
2.882356032479124863e+01 -4.277294153979763203e-01 1.407044444609640210e-03 1.445813504784134633e-03
2.898072266877696634e+01 -3.617255329835348254e-01 1.428951734194077632e-03 1.422495715762191887e-03
2.913771804718169989e+01 -4.059811833064317921e-01 1.365693991678642054e-03 1.367437879558261070e-03
2.929482690640525533e+01 -3.456669448869754135e-01 1.352569832382777369e-03 1.352266407107833744e-03
2.945218590924147151e+01 -3.809002830221989711e-01 1.311198051576352094e-03 1.351152517848203333e-03
2.960919135628817145e+01 -4.302532043613248036e-01 1.315429397216029720e-03 1.251389050327193254e-03
2.976586605748166647e+01 -4.223973854503980108e-01 1.278223130269380125e-03 1.283393549215601460e-03
2.992280522086002037e+01 -4.343380150127639783e-01 1.293997958642264384e-03 1.263802357257325787e-03
3.008003943385365275e+01 -4.810438698060731655e-01 1.269565254693913806e-03 1.242537148137023853e-03
3.023717111104264532e+01 -4.497489176279988454e-01 1.213409877631699231e-03 1.216060533266709581e-03
3.039409755187024942e+01 -4.522525332601003978e-01 1.219517006310204136e-03 1.244482410713047002e-03
3.055124387927866536e+01 -3.924279764268267523e-01 1.165135026686056011e-03 1.238679809047892391e-03
3.070851541553717468e+01 -4.142253485421089065e-01 1.170936197384881685e-03 1.241956732340667498e-03
3.086582466442332162e+01 -4.013937444746292216e-01 1.177089747632060080e-03 1.198505368437193181e-03
3.102255617942141086e+01 -3.949328675539601208e-01 1.149713725145193148e-03 1.193852200855732241e-03
3.117937097861718598e+01 -4.298109627746701245e-01 1.164812493855345169e-03 1.121475918265293914e-03
3.133663649833605547e+01 -3.694861443758036823e-01 1.118575566430129271e-03 1.098654989937890031e-03
3.149374879730445898e+01 -3.386099874661004927e-01 1.100414434288150009e-03 1.115248366236181246e-03
3.165080357818134615e+01 -3.810202356322426320e-01 1.132348450009485873e-03 1.106353244280892413e-03
3.180790721180015979e+01 -4.154584338351699491e-01 1.092953463702474445e-03 1.036811488184871764e-03
3.196510387646553397e+01 -4.160631838861826304e-01 1.101256889239400107e-03 1.057899357084078401e-03
3.212216472333984285e+01 -3.386626054073482717e-01 1.058213179249258137e-03 1.115766012953605009e-03
3.227938550166457787e+01 -3.550292020687403349e-01 1.033797680963992587e-03 1.110152667460270531e-03
3.243664315934430675e+01 -3.939876525725220513e-01 1.025932498516998531e-03 1.076909570906047072e-03
3.259354567529860702e+01 -3.508544399442385386e-01 1.057729802721063756e-03 1.041664541023018357e-03
3.275043307306903984e+01 -3.549405367081741591e-01 1.012226251309199980e-03 1.056704770657528568e-03
3.290753619157217003e+01 -3.156729402480834001e-01 1.021165447475410985e-03 1.021621553859384038e-03
3.306466900908257855e+01 -3.454138023183699890e-01 9.903021037670333565e-04 9.870925987505363083e-04
3.322163731132186371e+01 -2.744340671204347215e-01 9.665104654934895262e-04 1.011382287622195715e-03
3.337862012386388955e+01 -3.647588176767589951e-01 9.877417380391823824e-04 9.617882601043399636e-04
3.353601290680687441e+01 -3.264027446078775485e-01 9.817793906832068210e-04 9.801007593178570967e-04
3.369327171042736069e+01 -3.084325761293507107e-01 9.550665467263763772e-04 9.808736961087636749e-04
3.385003974987193942e+01 -3.102455762467638545e-01 9.871564715914469840e-04 9.464811272060046207e-04
3.400706523244446089e+01 -2.826332297859759368e-01 9.485969513171571121e-04 9.615648712046654138e-04
3.416414216143994054e+01 -2.689424406711451443e-01 9.974385455106561920e-04 9.268238890271161519e-04
3.432128746206081615e+01 -2.545354441680062196e-01 1.000102920655673768e-03 9.235855044756000618e-04
3.447838432323504065e+01 -2.329280911205057758e-01 9.918811204463005154e-04 9.482983647589093628e-04
3.463523917872642954e+01 -2.320477283253599421e-01 1.002018772053810559e-03 9.150644298180460020e-04
3.479246603048247977e+01 -1.904567383906891620e-01 9.454897926167540097e-04 9.203727134965682816e-04
3.494961128598676936e+01 -2.083395513438753566e-01 9.253982039123884043e-04 9.322169889118482773e-04
3.510669708522954835e+01 -2.239568060663501003e-01 9.457947481094884385e-04 9.208813168771030292e-04
3.526386948712173108e+01 -2.082982282816626951e-01 9.138986055475985118e-04 8.773995644637223520e-04
3.542094583868663449e+01 -2.202298903586787371e-01 8.851433472305040261e-04 8.868822656616807748e-04
3.557795442967842803e+01 -1.573460134636439356e-01 8.606912556557025709e-04 8.765968461250963056e-04
3.573494502910600090e+01 -1.661932624958015192e-01 8.829846556498299618e-04 8.905605981698800407e-04
3.589217304556967747e+01 -1.868303803980926325e-01 8.400416330708598703e-04 8.747262142439091127e-04
3.604942804423248504e+01 -1.635789968444639197e-01 8.843448781623353995e-04 9.067883060978163164e-04
3.620634169633331112e+01 -1.338831723439905530e-01 9.142941375178571936e-04 8.668691266506429191e-04
3.636330872430431782e+01 -1.148699517789662922e-01 8.944277072188271680e-04 8.511207719872002087e-04
3.652048297879699845e+01 -5.388927303535144542e-02 8.288682357665450333e-04 8.803912171570085288e-04
3.667775911005065836e+01 -1.103814196283013638e-01 8.541784891473163267e-04 8.222274409179693719e-04
3.683482272372405220e+01 -1.191060482459171121e-01 8.469583091822850034e-04 8.489689760738338125e-04
3.699174913108997487e+01 -1.167065381472118940e-01 8.657289355658647585e-04 8.725814248730570785e-04
3.714890361507108452e+01 -5.712732127382228603e-02 8.411457530658053095e-04 9.004975388740501943e-04
3.730584026907787631e+01 -7.461050442928206239e-02 8.525197675107920505e-04 8.920879726714435638e-04
3.746256175949950062e+01 -7.739118052786835011e-02 8.276085335133496774e-04 8.720025419864482112e-04
3.761964380127956531e+01 -6.267456637920475193e-02 8.527127830261150209e-04 8.682876527186084679e-04
3.777689979736440051e+01 -2.066598193458821231e-02 8.240913175159870216e-04 8.608183124171499409e-04
3.793404087462905494e+01 -2.093799890697022742e-02 8.607017442433207918e-04 8.532013677274997553e-04
3.809121427422826400e+01 -1.527164106952509127e-02 8.337226441984432442e-04 8.702124677741592332e-04
3.824845089289730282e+01 -5.273113494308816207e-02 8.455644658555383194e-04 8.681596169434824869e-04
3.840575442284730201e+01 -6.905736204705793801e-02 8.056875478066478349e-04 8.757003552784263425e-04
3.856276796948470320e+01 -5.924805916066392536e-02 8.364159052913985610e-04 8.590395272856766280e-04
3.871959907707450554e+01 -1.438558221563110071e-02 8.509236681221165081e-04 8.605935956724680485e-04
3.887682674449128228e+01 5.936251371435376407e-03 8.195929750784563010e-04 8.477245937583686476e-04
3.903393312318084440e+01 -2.890648121150419039e-02 8.388049497099174393e-04 8.579850915022071978e-04
3.919072802632852159e+01 1.324675004078771333e-02 8.349641455356702092e-04 9.010811639811472113e-04
3.934784243510956259e+01 3.637695616362374845e-02 8.232931480549669475e-04 9.250300363519969047e-04
3.950508863077185140e+01 3.264917212939016933e-02 8.414347135881433898e-04 8.993936799035548565e-04
3.966213483586344779e+01 4.039740079632837128e-02 8.383423732133579546e-04 8.792188656117447959e-04
3.981900035657513826e+01 7.932146091664135645e-02 8.533719182207718905e-04 9.036704225655885041e-04
3.997616090986677051e+01 7.416294083785397728e-02 8.538369134530813653e-04 8.901342515499102411e-04
4.013355341593697290e+01 1.263474612927877050e-01 8.640054652418881383e-04 9.073840771385607417e-04
4.029049420908874168e+01 1.246800508428134030e-01 8.272690296302526213e-04 9.000450607964182803e-04
4.044742920880969450e+01 1.267775968719066781e-01 8.151413849341906633e-04 8.949851346863685548e-04
4.060456771350117577e+01 1.472509904855914820e-01 8.382327369802973797e-04 9.068487356276239489e-04
4.076160199864906986e+01 1.171291124739653050e-01 8.674898071781174651e-04 8.823360279174588755e-04
4.091870617079209183e+01 1.464825364196471469e-01 8.483816872604854403e-04 8.721496006116923397e-04
4.107575345671157407e+01 1.348362737156975633e-01 8.034621570206196099e-04 8.749837955401364468e-04
4.123270201583072492e+01 9.866564943349280525e-02 8.300249201122397160e-04 8.527569469556643602e-04
4.138980621586031106e+01 1.196272859295766100e-01 8.252624104176867073e-04 8.105792038596153519e-04
4.154695689957926419e+01 1.217899502702295828e-01 8.288232309621704121e-04 8.327596965245654282e-04
4.170420599838194420e+01 6.571713721998058422e-02 8.327411862557297130e-04 8.214036406872465921e-04
4.186123902761131887e+01 9.779077644909626998e-02 8.123906599463776761e-04 8.248553667209069943e-04
4.201803464077677575e+01 9.657645091396689641e-02 7.985347260681894535e-04 8.085793434253319258e-04
4.217530385597030573e+01 9.519046547358729626e-02 8.053055731404102149e-04 8.017148139507798525e-04
4.233268701997334915e+01 6.765593550726063665e-02 7.788067459946739629e-04 8.036029410261710977e-04
4.248951607587162727e+01 7.835209143702323575e-02 7.803143909971442180e-04 7.930767048422481327e-04
4.264654483609960778e+01 5.087954675510357461e-02 7.571671420529664997e-04 7.874009098688318107e-04
4.280379310469830756e+01 8.880842911325412259e-02 7.687368968868241474e-04 8.086774550874867339e-04
4.296088465425426506e+01 1.283423169772676398e-01 7.728526684489859210e-04 7.954569881339334505e-04
4.311796117340112033e+01 1.146949422086171455e-01 7.916739198853664549e-04 7.804450823615990398e-04
4.327487296090120594e+01 1.018965808509368354e-01 7.876668182904329350e-04 8.173482454113261027e-04
4.343215900797665086e+01 1.279092115296994736e-01 7.900906864275388528e-04 8.631841651345187110e-04
4.358915756438649680e+01 1.422013134810550250e-01 7.618322150640986301e-04 8.325497085728566669e-04
4.374590019442506872e+01 2.010664626446066194e-01 7.621266794732576210e-04 8.089378457995883773e-04
4.390308196728489776e+01 1.493061769626008450e-01 7.705294405705992574e-04 8.066524665146385933e-04
4.406026540140641856e+01 1.668533608195557072e-01 7.433200224352187269e-04 8.160052435305546270e-04
4.421733947397627418e+01 1.786209023653922146e-01 7.313791004286023835e-04 8.060050237568985127e-04
4.437441870967763435e+01 1.476606100867144666e-01 7.494474832078092509e-04 7.831515118511729340e-04
4.453159054016027341e+01 1.318724316160152787e-01 7.466231927329874171e-04 8.071356530042617236e-04
4.468864369014499971e+01 1.542344798567094610e-01 7.667087955062120699e-04 8.297948525438654912e-04
4.484568230746856443e+01 1.221180946682304536e-01 7.403022568159876122e-04 8.241573647509279786e-04
4.500269304354133482e+01 1.310281378971507316e-01 7.344000884106951762e-04 8.050122525444198618e-04
4.515977284766967870e+01 1.191453963892325218e-01 7.342502409938509453e-04 7.938467294475871471e-04
4.531686285685834292e+01 1.362160338309980623e-01 7.086060267959660248e-04 8.197952702889018360e-04
4.547384088087638787e+01 1.654682355951543893e-01 7.232784629903967226e-04 8.073289230176999842e-04
4.563096257271651268e+01 1.560558906242001109e-01 7.371708115991673117e-04 7.947751525819433428e-04
4.578809215502025154e+01 1.515947702381240658e-01 7.211433472007559289e-04 8.058558465125706134e-04
4.594526022451645275e+01 1.356434833067708678e-01 7.535798798041090044e-04 7.846052650828512455e-04
4.610241065302696484e+01 1.505765453981306456e-01 7.144231833875103101e-04 8.092205171249241885e-04
4.625942303757445018e+01 2.046906023150129594e-01 7.361810956271257157e-04 8.126565822909540947e-04
4.641651864846570419e+01 1.723917418593398365e-01 7.056724821044534340e-04 8.148873199742462424e-04
4.657358995219062336e+01 1.773436454057820133e-01 7.316098621513582615e-04 8.101638305394639463e-04
4.673055122934910344e+01 1.768496729399171019e-01 7.511939287839756616e-04 8.307840712659987376e-04
4.688769533932448752e+01 1.961395414236646040e-01 7.577650955934028560e-04 8.326960508585666641e-04
4.704487487664587775e+01 1.441234631428064683e-01 7.343196821320068998e-04 8.441929738821725079e-04
4.720194532843748902e+01 2.059596650435858989e-01 6.974027592051103069e-04 8.527073258000725416e-04
4.735881112539362192e+01 2.285572099289220060e-01 7.389425569728399470e-04 8.413231394732869186e-04
4.751594922127566889e+01 1.876570225610940390e-01 7.143479057131678182e-04 8.403734905171998280e-04
4.767320843071468062e+01 2.061597161108645326e-01 6.912067332148974161e-04 8.170549383821104064e-04
4.783005539646318738e+01 2.559941022273232725e-01 7.223117409559401620e-04 8.541354326402610803e-04
4.798705586135240253e+01 2.502356521516326260e-01 7.179029671864695572e-04 8.735892625978513692e-04
4.814425264367952195e+01 2.952124064570212925e-01 7.123642123046382236e-04 8.260433091040753897e-04
4.830162275879657585e+01 2.369440867593554656e-01 7.147750258156413588e-04 8.274828006706779144e-04
4.845851778780102848e+01 2.365772267016437169e-01 7.227868792471842845e-04 8.401957241763029780e-04
4.861520715314837560e+01 2.702789893327509629e-01 7.100092819021647499e-04 8.554666677319557044e-04
4.877242153506116296e+01 2.134237863178951311e-01 7.231747104303167190e-04 8.455342899593251043e-04
4.892970299330707462e+01 2.316677515800943110e-01 7.251161500331861120e-04 8.339018698787222872e-04
4.908687730184542630e+01 2.610607341372087609e-01 7.336439218196541068e-04 8.957289305025941794e-04
4.924388320254833218e+01 2.251372462663064344e-01 7.169262408759428896e-04 8.624728604594274293e-04
4.940103443741363520e+01 2.138489148226726255e-01 7.208257000327224608e-04 8.701398895419053302e-04
4.955831508412312303e+01 2.646409856569459373e-01 7.325114640906738028e-04 8.971238807215299897e-04
4.971529298264005092e+01 2.304220211894292825e-01 7.427443674131663405e-04 8.939689563893017145e-04
4.987219821721060953e+01 2.311579244236731390e-01 7.709772724068699032e-04 8.704611104681114373e-04
5.002932603361167452e+01 3.220148980864548927e-01 7.697358238810034746e-04 8.954837007663213593e-04
5.018631556218895895e+01 3.087257942481544393e-01 7.810525616765218778e-04 8.788498991478148120e-04
5.034318046550159664e+01 3.053257456176446394e-01 7.617466921881245207e-04 9.222175448403697844e-04
5.050027700963133270e+01 3.041310316366072630e-01 7.513160607877706785e-04 9.096937106225939105e-04
5.065760132077017630e+01 2.873891381533608125e-01 7.692752612725681791e-04 9.364335544366450027e-04
5.081468395693172369e+01 3.285955213222768734e-01 7.873696936985238653e-04 9.571957457138646676e-04
5.097152509422535616e+01 3.486291423619781171e-01 7.558205199093718856e-04 9.520810521031225103e-04
5.112862248776254148e+01 3.302559321139497128e-01 7.833348142159689579e-04 9.624195254102819617e-04
5.128592090654180424e+01 2.871594585003088840e-01 7.693526947186472495e-04 9.599967636610405065e-04
5.144309555085856545e+01 3.645213029612101585e-01 7.849394296742536565e-04 9.650901354605752021e-04
5.160011158510122442e+01 3.685186877515079229e-01 7.981685217236368732e-04 1.018250942240314259e-03
5.175731960526265141e+01 3.823586170400201656e-01 8.100996226756625477e-04 1.013854669225930111e-03
5.191461796314855093e+01 3.675541467707772458e-01 8.291460157544456059e-04 1.038697743501607821e-03
5.207135607669539468e+01 3.139695769775659451e-01 8.473068748643822548e-04 1.037184933782760556e-03
5.222806478446842959e+01 3.581827750872253469e-01 8.542945323796523154e-04 1.025084855748776853e-03
5.238543254445986008e+01 3.373918389479476643e-01 8.306404949372806152e-04 1.036014619133113083e-03
5.254257611595600252e+01 3.441048859043673858e-01 8.308526331867482385e-04 1.027486406423488595e-03
5.269931833415011369e+01 3.538070162999108481e-01 8.680389330087054638e-04 1.074510756064348373e-03
5.285639491892390396e+01 3.737956066626094143e-01 8.640584475151928852e-04 1.052497955565478201e-03
5.301344724624242843e+01 2.961483326785661063e-01 9.035481256843719841e-04 1.068014820448013073e-03
5.317051876980443836e+01 4.085720780216692827e-01 9.064134377036931790e-04 1.038806120995551226e-03
5.332766755103651235e+01 3.373538100667038964e-01 9.216443589603781324e-04 1.044402011313107399e-03
5.348500298077735948e+01 3.489753649407812408e-01 9.492554931948837815e-04 1.090257448773977690e-03
5.364223496464932595e+01 3.204403288542428396e-01 9.154804578236616685e-04 1.090708338321292117e-03
5.379894742060574231e+01 2.963709012311396829e-01 9.556886245436115989e-04 1.119322401294550393e-03
5.395600833673379526e+01 3.149636991846561096e-01 9.429787669625169571e-04 1.133305275911028866e-03
5.411326202300976718e+01 3.150633582819665213e-01 9.724956264229820410e-04 1.166104767945872964e-03
5.427042920719081565e+01 3.040904157825758958e-01 9.725375260340756627e-04 1.131735217294838622e-03
5.442747824826232517e+01 3.511752299105093678e-01 9.586217566360679234e-04 1.213562935869793398e-03
5.458441850666565642e+01 3.650571690434026850e-01 1.020093205730197112e-03 1.187379217148452123e-03
5.474136316151507486e+01 3.844848572670295228e-01 1.037671890205224198e-03 1.183620622429046266e-03
5.489845354594736193e+01 3.554378954870948126e-01 1.017671463804620084e-03 1.170093583199837252e-03
5.505543071674868116e+01 3.026986718960908984e-01 1.047502146166108582e-03 1.236933480716289864e-03
5.521246252122121234e+01 3.122521247762626295e-01 1.042994543456506138e-03 1.249315290333008043e-03
5.536984311615618992e+01 3.585572204102163707e-01 1.033552469330583593e-03 1.242824120526532777e-03
5.552689545859513487e+01 2.923462776221899539e-01 1.073334669712028462e-03 1.244204838945569972e-03
5.568345304981696842e+01 3.521038191501730252e-01 1.055454614992741569e-03 1.285266217652284619e-03
5.584069806587591955e+01 3.724993190283034106e-01 1.071582087210670286e-03 1.271764364945011591e-03
5.599821974258232160e+01 3.398607387783207923e-01 1.039994519328125890e-03 1.307516092313001964e-03
5.615502105568013036e+01 3.243811413341640137e-01 1.070801836729845915e-03 1.281595358293624760e-03
5.631202680508972236e+01 2.959051353069790946e-01 1.114374622747836595e-03 1.271365914695817782e-03
5.646899832525830476e+01 3.432247572321655560e-01 1.100726918186415142e-03 1.330742179578854600e-03
5.662594416693222854e+01 3.304712570543569261e-01 1.145260345450489770e-03 1.276387379588171797e-03
5.678259778611094788e+01 3.202977669501639313e-01 1.097793773896002956e-03 1.194069986645787066e-03
5.693974320550065471e+01 2.695208379291925138e-01 1.061085163104560913e-03 1.215815290472892999e-03
5.709745763556057341e+01 3.275425069743293505e-01 1.048558950056611722e-03 1.315879864652956055e-03
5.725425030629697432e+01 2.696228444242670386e-01 1.051572141772338627e-03 1.315134393210350703e-03
5.741133935045357362e+01 3.468018940357884827e-01 1.082726574663399333e-03 1.300581564056426005e-03
5.756884321301916430e+01 3.118420152386949806e-01 1.102073545569418056e-03 1.316287082215922407e-03
5.772583149644106726e+01 3.689607230348124767e-01 1.093450562291257326e-03 1.419089709518866083e-03
5.788266851229413135e+01 3.563988706939221207e-01 1.140965815852781895e-03 1.306420538356529472e-03
5.803962257639496869e+01 3.723446611067297574e-01 1.162746503988829928e-03 1.334858633536268333e-03
5.819689621995856754e+01 3.931683659636550088e-01 1.063879039340210123e-03 1.373397088001402982e-03
5.835388594986143573e+01 3.254054852680269283e-01 1.120445457293624486e-03 1.446267666121174057e-03
5.851048421778040876e+01 2.770619560484761656e-01 1.135873580769565169e-03 1.418111723394024481e-03
5.866767751707434542e+01 3.172011268414779983e-01 1.130053068487238237e-03 1.475982529491027878e-03
5.882508228998036515e+01 2.657872494116651496e-01 1.158768336381951931e-03 1.494120244424953625e-03
5.898224736123371770e+01 3.070734484147170651e-01 1.283721047097172337e-03 1.466586795191619124e-03
5.913884692477888905e+01 3.254173910996575048e-01 1.240554696776468169e-03 1.431702791793222542e-03
5.929564464283270553e+01 2.578436394663072284e-01 1.250435518786095507e-03 1.518003094512810963e-03
5.945352258001084778e+01 1.920626594187062330e-01 1.165452260484470346e-03 1.504262919256469907e-03
5.961070231467085279e+01 3.189940271729867494e-01 1.197737111664977329e-03 1.514857510201918353e-03
5.976731456083252425e+01 2.765237625858330550e-01 1.269147508077582594e-03 1.552548451992882524e-03
5.992470345964100886e+01 2.627084491891487628e-01 1.286227874388743732e-03 1.558838032125450194e-03
6.008258871068673557e+01 2.881149862332599842e-01 1.315044184875644329e-03 1.663618986268703163e-03
6.023932684135217386e+01 3.221326099217234895e-01 1.392244267098663229e-03 1.617526150131713475e-03
6.039577003462449767e+01 2.465189843702793315e-01 1.393370325294700143e-03 1.688320683669942372e-03
6.055359641907271140e+01 2.862087603054859763e-01 1.364788431770334355e-03 1.615222979234137279e-03
6.071075143884250735e+01 2.636199927949851030e-01 1.434215966900268804e-03 1.666527762476844145e-03
6.086694421945293243e+01 2.258584206106386549e-01 1.489505252971491103e-03 1.637123911834662991e-03
6.102425531444302464e+01 2.699725584843564730e-01 1.469880793361053517e-03 1.633454763540051610e-03
6.118247453171182570e+01 1.734742797284408722e-01 1.619968684163797940e-03 1.747130273119447798e-03
6.133922796139895439e+01 3.029570123543154914e-01 1.521073144351303003e-03 1.799109054000749310e-03
6.149500095360918550e+01 3.118010041284490219e-01 1.579620137296977285e-03 1.818339275868903872e-03
6.165273087261874707e+01 2.461281529258559642e-01 1.586160349193169910e-03 1.760784727276234075e-03
6.181035768224073479e+01 3.104234897846015473e-01 1.636460475773739371e-03 1.912169652303250499e-03
6.196658879224211347e+01 2.190439432304875367e-01 1.563652971011450727e-03 1.920846151565639521e-03
6.212335790698150362e+01 3.042218700496004957e-01 1.557574787957856019e-03 1.863728691849289706e-03
6.228107077783446499e+01 3.542870425622121067e-01 1.726495727340018708e-03 1.936445267278175250e-03
6.243888440645920923e+01 2.747244163715312770e-01 1.777041160727811089e-03 1.954532724981793059e-03
6.259509475519177357e+01 2.898128565337847462e-01 1.747591483111130039e-03 2.013863886068602456e-03
6.275126133402213213e+01 2.702165678748988387e-01 1.904493173141190779e-03 2.069515630846654065e-03
6.290970383392785692e+01 3.746193126520702688e-01 1.845969213077091817e-03 2.192508864306231316e-03
6.306742373223402609e+01 3.455069826561500967e-01 2.158696443139449493e-03 2.114091168157725392e-03
6.322280294943617918e+01 3.209289049783707326e-01 2.029345246203514280e-03 2.147319073282486380e-03
6.337987377443261039e+01 3.605057555839614736e-01 2.059962302857828043e-03 2.260742709478165500e-03
6.353882537730356006e+01 2.029479451132047418e-01 2.040949455220128755e-03 2.340507837171300950e-03
6.369583997100188810e+01 3.521866443118923384e-01 2.353703895049688403e-03 2.362464802837096166e-03
6.385069315579813320e+01 3.611397878847674714e-01 2.472702179250457159e-03 2.432676990883067374e-03
6.400839299893164025e+01 3.917312985185306129e-01 2.365869551015489791e-03 2.459321870443340659e-03
6.416809543670143512e+01 2.913356557755605314e-01 2.431530407268219906e-03 2.699354292344137776e-03
6.432368783513420851e+01 3.916730750601002398e-01 2.317746264137567156e-03 2.655722160931542949e-03
6.447781313266034431e+01 3.912031694931466519e-01 2.288747905076098099e-03 2.429148874155565106e-03
6.463688740304701241e+01 2.969272930814687017e-01 2.544728600584894324e-03 2.605045068780217476e-03
6.479625487617632018e+01 3.688860660875893371e-01 2.462783535834753811e-03 2.667340555051113393e-03
6.495148303704421267e+01 4.618644917963026786e-01 2.489861678099177834e-03 2.864623745773352964e-03
6.510742899732220224e+01 2.831159391794431102e-01 2.532846518749287505e-03 2.832337432751758782e-03
6.526686243779083441e+01 4.562708625545160435e-01 2.686701173111839640e-03 2.571836449028483754e-03
6.542332085458025404e+01 3.584291129572360624e-01 2.699935859997211560e-03 2.860470674140905365e-03
6.557521362548898480e+01 2.973371226701306269e-01 2.826417325700852044e-03 3.074870455428908508e-03
6.573493827371439124e+01 1.997436474337019874e-01 3.041379691921980519e-03 3.290483197908308528e-03
6.589776439269822106e+01 2.373383214885031733e-01 3.184987800772402181e-03 3.023249338701846940e-03
6.605074465606993783e+01 3.383935073658851933e-01 3.106130936648235450e-03 3.262102530189701401e-03
6.620098780477589173e+01 3.340033387708888912e-01 3.137061352525381732e-03 2.827616209579147249e-03
6.636352405735766524e+01 3.406988565855322837e-01 3.615232485409826824e-03 3.343779898122187580e-03
6.652950706440147144e+01 2.572761860821646263e-01 3.534266111201737805e-03 3.177350060159820928e-03
6.667987868647104222e+01 2.846285816339956809e-01 3.971683206743231200e-03 3.792179454461053548e-03
6.682727252513147675e+01 3.328413987144055453e-01 3.472236768912513160e-03 3.978439212619751079e-03
6.699329411113721733e+01 2.728358987300584237e-01 3.676026438761523414e-03 3.534663176646471276e-03
6.716167327558071065e+01 2.581475442017033273e-01 3.726726254133853368e-03 3.896226735046913556e-03
6.730495891174597034e+01 3.784176167166320992e-01 4.154114132130974114e-03 3.653332491278897792e-03
6.744911693033651545e+01 3.449220943323229038e-01 4.115870940789728011e-03 4.239317004245718619e-03
6.762229848423206136e+01 3.543148440553575140e-01 4.206022234915732065e-03 3.733519794494371147e-03
6.779550657872420061e+01 9.985470605017589263e-02 4.324170261433758766e-03 4.010124833036534178e-03
6.792744758467283361e+01 2.623066007252313758e-01 5.485255230244024012e-03 4.684543662521899535e-03
6.806966116498493591e+01 4.722759871973034596e-01 5.033291386243558471e-03 4.245487334842923399e-03
6.824869617173445135e+01 2.466208919622809581e-01 6.049929908923293298e-03 5.948699901613985729e-03
6.842663219513711681e+01 1.667107159423799889e-01 5.482812553687011273e-03 4.671741797220182318e-03
6.856220509771767979e+01 2.406260033709549662e-01 7.566813703158033894e-03 6.729683626462394305e-03
6.869683295929898748e+01 4.902029431618266930e-02 6.360522277925812103e-03 6.731237842493648788e-03
6.887607845862255829e+01 1.689579701068757156e-01 7.093357189613239827e-03 9.000026839010836013e-03
6.905498360928540080e+01 2.211299644653805518e-01 8.112004391993513086e-03 8.499493300773494978e-03
6.919731970468525617e+01 -1.059659198432490353e-02 1.639650973954560886e-02 1.520509831360149396e-02
6.932079956170674961e+01 2.100398419074613332e-01 1.672429482603400228e-02 2.063312503710739571e-02
6.949139529302948404e+01 -1.941955945354085500e-01 2.220744394391710105e-02 4.167652108908648928e-02
6.964989558659395641e+01 -1.174440725024890608e-01 1.445576600217267638e-01 1.211230897228225689e-01
