0.4449820612348477
0.7539561082532789
1.0723950932284183
1.3918303882446383
1.7175498929017052
2.023943380712873
2.3383583417878397
2.6541125508829757
2.972681220470295
3.288112407294396
3.598316453349368
3.913930457844174
4.2351994729172695
4.548427310263685
4.860394888415106
5.173815194796832
5.487882221272796
5.802715423900466
6.118348332687426
6.434086315451469
6.747504008320403
7.059747794210738
7.3756678787373415
7.689325371261342
8.003287720255551
8.319955843435402
8.635978228882212
8.948826066885422
9.26176845323926
9.574033936705787
9.889449343257677
10.204688677238622
10.51969651304923
10.834548549111508
11.14850140608076
11.46310013543171
11.77570754183406
12.089552919089295
12.404282697198097
12.717461284364772
13.031671259424025
13.346286854484802
13.662116715705778
13.97764840042208
14.291831461572466
14.604381356971556
14.917249222199112
15.231913197035986
15.546395635015985
15.86084085809199
16.175937839722113
16.490841087751978
16.805882147285782
17.11850187854637
17.432390963331347
17.74705807205659
18.0595846771052
18.37383544781786
18.688238976387954
19.00327015737566
19.317699306299115
19.63070090682225
19.94632250160967
20.26036622288414
20.574582387852384
20.889071360582456
21.202003243625654
21.51712845135096
21.831792801278127
22.144980916103815
22.458172092649296
22.77207073127366
23.08817235150529
23.403221210118552
23.717426213821827
24.031780684077
24.345096291943484
24.65848549799978
24.972533735722678
25.285795256677105
25.599619981340474
25.91563048884203
26.2304481901455
26.543786542416683
26.85786763973363
27.17289781891896
27.487153261961087
27.79968713750889
28.114273383048285
28.43005768613633
28.744022947110395
29.057751051702798
29.37197248330484
29.685881101484497
29.99985977396841
30.313395575621385
30.627347882222672
30.942388665207574
31.256552837189496
31.57013725191605
31.885017813660276
32.19928891657278
32.51342708583056
32.82793058849519
33.141846411796266
33.45592722481097
33.77035099287803
34.08417757296602
34.39796266930849
34.71172158519766
35.02587701217369
35.34062478304359
35.655095048374605
35.96959125585713
36.284169037990566
36.598263413546746
36.912539952424616
37.226329210579685
37.53935550971356
37.853792326580226
38.16820616800479
38.48231479931133
38.796974325877066
39.11164570994793
39.4265746826012
39.73948283489761
40.05245548296177
40.366820308636804
40.68114744186933
40.99576499480518
41.309763181963945
41.624485350402026
41.93979654605389
42.25317319851522
42.566414337813235
42.880991319510045
43.19529238531207
43.50919372743799
43.82320548037634
44.137519366998674
44.45166384196934
44.76542123556563
45.07978260833548
45.39416664047414
45.70872053159932
46.02315408858807
46.337172076323554
46.65162098677464
46.96632892786939
47.27987405199098
47.593300092725855
47.90706627765919
48.22175472554553
48.53677816784124
48.850403842250145
49.16411662681707
49.47784845983337
49.79228150960554
50.10681053719186
50.42024126675677
50.73470749181217
51.04962777186486
51.36369902186972
51.67795909480086
51.99237786962975
52.30634874716525
52.62017184055143
52.934035232580435
53.24821665328946
53.56283887204177
53.8772024400539
54.19124100940218
54.505401197140834
54.81948329783216
55.134056602942074
55.448152379743995
55.761271423187964
56.07510638073839
56.3896286912396
56.704477633419145
57.018202482520294
57.33195901604898
57.6471206495825
57.96144533755393
58.2754360943634
58.58965381281051
58.90437181848294
59.21838271257634
59.53173211496333
59.84561044172004
60.160078867707306
60.47434222208529
60.7881951037405
61.10248775855733
61.41703083107435
61.73164932884664
62.04511235884282
62.35874195723437
62.67327299667211
62.98749759460892
63.30160715636269
63.61581442360032
63.93020775293107
64.24432944667969
64.55877100332916
64.87328631868861
65.18709135059721
65.50086614613808
65.81507238314434
66.12933801816516
66.44327462264373
66.75724024772778
67.07202581361375
67.38654342085472
67.70007949974388
68.01413046488892
68.32828432287988
68.64257492412163
68.95676864647008
69.27047835745286
69.58493206096496
69.89922257197354
70.2133941704591
70.52773897424346
70.84189167737327
71.15590885935686
71.469890058212
71.78434609113935
72.09885608846497
72.41268339266662
72.72661744860864
73.040965957594
73.35551822010132
73.6696454474481
73.98349826217995
74.29780723014217
74.61168053815575
74.925123518999
75.23928760255913
75.5537995947288
75.86808174925811
76.18242854845653
76.4969017857946
76.8115088456946
77.1255359389694
77.43919815414901
77.75365348898256
78.06786624636169
78.38145605265704
78.69568487021913
79.0101772615437
79.3242696717269
79.63800071315028
79.95232181973354
80.26710683187395
80.58098841817748
80.89485841761939
81.20913542700235
81.52320399729814
81.83741234158418
82.15150691342315
82.46540403166145
82.77961243172062
83.09391379915853
83.40841199676389
83.72247805522264
84.03606928155355
84.35060771194061
84.6653740399467
84.97903215174325
85.29308967219922
85.60758620939662
85.92176930850853
86.23592234680224
86.54974592180241
86.8643180159533
87.178315128773
87.49180038885014
87.8061639345698
88.12053080281284
88.43467894795255
88.74883741935527
89.06318108032055
89.37728738029
89.69136461493713
90.00538608708267
90.31954569533936
90.63372571371669
90.94768176175278
91.26192514543303
91.5761843100405
91.8905204490329
92.20482130605393
92.5188460751489
92.83303729693141
93.14717990438125
93.4611024586982
93.77539067864898
94.08974975329176
94.40389065687498
94.71762225078724
95.03189844255134
95.34641686142936
95.66011079292637
95.9741117227048
96.28850528735904
96.60324551759315
96.91703557560206
97.23041430629675
97.54484307012233
97.85940598661415
98.17375460369085
98.48776640509666
98.80206887482727
99.11663016824625
99.4305859652801
99.74439643442122
100.05865206722335
100.37263112437792
100.6863609310032
101.00055401926267
101.31520264154035
101.62936791386345
101.94305018845071
102.25724497552508
102.57184181308361
102.88619110171713
103.20022317020245
103.5146392105253
103.8292359262971
104.14271215339079
104.45612956893686
104.77086508891972
105.085152231912
105.39863666830023
105.71278983784781
106.02689449248486
106.34103753960888
106.65533510207302
106.97000596155472
107.28446992929865
107.59789484121148
107.91201667346759
108.22652404601953
108.54085841438163
108.85495649652465
109.16883701333131
109.48272632303015
109.79690709189472
110.11086143349736
110.42492504244242
110.73968623231238
111.05379091719027
111.36690609963394
111.68139613175184
111.99643948516464
112.31004211136026
112.62405361017944
112.93799665051661
113.25188833386446
113.5651955722219
113.87948641100131
114.19491527112115
114.50850061259395
114.82267870090715
115.13768642603833
115.45166299288213
115.76533702458826
116.07924515278994
116.39379243991714
116.70777189972287
117.02096843556082
117.33535503414869
117.65016457996073
117.96449472246744
118.27769384955778
118.59128928566541
118.9070451600217
119.2214046293417
119.53462912166505
119.84940691928202
120.16517742137347
120.47865368270435
120.791540069249
121.10719283814542
121.42150287768501
121.73388843890586
122.04851062888605
122.36494906342365
122.67845592279791
122.99000190721837
123.3054617452375
123.62071536448147
123.93317758448423
124.24671581396301
124.56214155566893
124.87776881291842
125.19018951038355
125.50252266804426
125.81940766785571
126.13484746446805
126.44560589887236
126.75974754886522
127.07765075460712
127.39167994200378
127.70138631159627
128.01678599786328
128.33619087340287
128.64737567026842
128.9556262653207
129.27377480609402
129.59250975235264
129.90296607408843
130.2148579946444
130.53372487558167
130.8466417091605
131.15042725097797
131.46987654742878
131.79552878539644
132.10148931213988
132.40197560955178
132.72704811471533
133.05901412880294
133.35975737294208
133.65454505026295
133.98658822227443
134.32334655116142
134.60991782349194
134.89823386067303
135.24459696846412
135.5910131574484
135.85489516934567
136.13932232996987
136.4973923434689
136.85326439027423
137.12441019543536
137.39366591859797
137.75215691724512
138.1099672185708
138.3946394093705
138.6415991234135
138.98279058605897
139.2997911731879
