4.449820612348476812e-01 8.095797372995176033e+01 2.608737010013977731e+00
7.539561082532788561e-01 3.014066748811229601e+01 2.472346319949550342e+00
1.072395093228418306e+00 1.717825477493787645e+01 1.680458526578969103e+00
1.391830388244638339e+00 1.174625924819619982e+01 1.234940442716873754e+00
1.717549892901705233e+00 8.870763596514485982e+00 1.145885040240729014e+00
2.023943380712872830e+00 7.211795665004638423e+00 9.476559852348243052e-01
2.338358341787839745e+00 6.003728460096867003e+00 7.822574569173973424e-01
2.654112550882975707e+00 5.171053552651146745e+00 6.819664384361173726e-01
2.972681220470295038e+00 4.550644382897650608e+00 5.994273651871339093e-01
3.288112407294395911e+00 4.076720682718238287e+00 5.367208886075649499e-01
3.598316453349367894e+00 3.673308143774876910e+00 4.402991760494873175e-01
3.913930457844173816e+00 3.352645396512936582e+00 3.816882195643216957e-01
4.235199472917269503e+00 3.070030639107112158e+00 3.339912522636429015e-01
4.548427310263685186e+00 2.817097494662570867e+00 2.969019329061909351e-01
4.860394888415106252e+00 2.601704113812500996e+00 2.799600941575323132e-01
5.173815194796832273e+00 2.415510701424333995e+00 2.316305747248296187e-01
5.487882221272795569e+00 2.247077399992035485e+00 2.142198071544498261e-01
5.802715423900465908e+00 2.097268518551934857e+00 1.881652996977151160e-01
6.118348332687426172e+00 1.945063232985119406e+00 1.806415685846813612e-01
6.434086315451469140e+00 1.818757893004015802e+00 1.543964571699124044e-01
6.747504008320403202e+00 1.705561672246349136e+00 1.439672084850058542e-01
7.059747794210737837e+00 1.599453989399369780e+00 1.257976990187417154e-01
7.375667878737341532e+00 1.499943150822436788e+00 1.177242413620099848e-01
7.689325371261341857e+00 1.410858897603357365e+00 1.074703896523653002e-01
8.003287720255551463e+00 1.327969575488880505e+00 1.009866863974653028e-01
8.319955843435401732e+00 1.250154552963741228e+00 8.907636149976023987e-02
8.635978228882212449e+00 1.183370686987616160e+00 8.165675211988078497e-02
8.948826066885422037e+00 1.116233265385244700e+00 7.219310696295989926e-02
9.261768453239259458e+00 1.054785594767331469e+00 6.739226776798251661e-02
9.574033936705786729e+00 1.000686379035028217e+00 6.094051684315811984e-02
9.889449343257677327e+00 9.472150728398822661e-01 5.781913650892994000e-02
1.020468867723862161e+01 8.979056368404038091e-01 5.143251749814186508e-02
1.051969651304922948e+01 8.530564797124110532e-01 5.018157805542592526e-02
1.083454854911150811e+01 8.100927374142919968e-01 4.464981766543783814e-02
1.114850140608075968e+01 7.712357129158611269e-01 4.108937973648266184e-02
1.146310013543170925e+01 7.335414721452491182e-01 3.944850381007421886e-02
1.177570754183406088e+01 7.017386160345284729e-01 3.702508787818228203e-02
1.208955291908929475e+01 6.687032709821110199e-01 3.339474561278791415e-02
1.240428269719809684e+01 6.385863585705870982e-01 3.170192806920411194e-02
1.271746128436477186e+01 6.110253170279439372e-01 3.023957611966340137e-02
1.303167125942402471e+01 5.838060224734286097e-01 2.761874486397481246e-02
1.334628685448480212e+01 5.587387831548999984e-01 2.689760829772277345e-02
1.366211671570577835e+01 5.372326227996712111e-01 2.599069086236493673e-02
1.397764840042207979e+01 5.145297218905685588e-01 2.406641065188242987e-02
1.429183146157246576e+01 4.936716705855196397e-01 2.232531868997689878e-02
1.460438135697155637e+01 4.736166652007210431e-01 2.057622241378722142e-02
1.491724922219911242e+01 4.562771320722415203e-01 1.997983896657430647e-02
1.523191319703598623e+01 4.388869436321563011e-01 1.843817839355950394e-02
1.554639563501598509e+01 4.223842656249703342e-01 1.712440759041435751e-02
1.586084085809198996e+01 4.069753623426581868e-01 1.650676824043420185e-02
1.617593783972211341e+01 3.922624932549184096e-01 1.630491789071292566e-02
1.649084108775197777e+01 3.782664202385106478e-01 1.581477885989115637e-02
1.680588214728578222e+01 3.653136156540773283e-01 1.441799800898745966e-02
1.711850187854636829e+01 3.532513568157696904e-01 1.352798649051005844e-02
1.743239096333134697e+01 3.406729884804681197e-01 1.305303532936991431e-02
1.774705807205658914e+01 3.297279857818423698e-01 1.275637951396518290e-02
1.805958467710519955e+01 3.184094143238197505e-01 1.172038350866522020e-02
1.837383544781786071e+01 3.083362857182728178e-01 1.167670695002448640e-02
1.868823897638795373e+01 2.987030667338751999e-01 1.104454172412574174e-02
1.900327015737565972e+01 2.889383478138727868e-01 1.052327374610028538e-02
1.931769930629911514e+01 2.801626635409364408e-01 9.668580132144707906e-03
1.963070090682224844e+01 2.718939578408032798e-01 9.561418099417014899e-03
1.994632250160967146e+01 2.639454417107670037e-01 9.673326957876642040e-03
2.026036622288414080e+01 2.564807265769037947e-01 9.625124147064682140e-03
2.057458238785238436e+01 2.489119815370000321e-01 8.917282768877767343e-03
2.088907136058245584e+01 2.419803137407985083e-01 8.640863929704154303e-03
2.120200324362565425e+01 2.352810617674322979e-01 8.534092360578848097e-03
2.151712845135095975e+01 2.286011948097073365e-01 8.113311758606566240e-03
2.183179280127812660e+01 2.224207990210428643e-01 7.892665779962226846e-03
2.214498091610381536e+01 2.165562668374701183e-01 7.462438331910774963e-03
2.245817209264929559e+01 2.108389831497741451e-01 7.403026950170900344e-03
2.277207073127366144e+01 2.052654618437847189e-01 7.243537663152273091e-03
2.308817235150528901e+01 2.002015423061570265e-01 6.915770159732061682e-03
2.340322121011855216e+01 1.953976487469233358e-01 6.672216918199898837e-03
2.371742621382182747e+01 1.900960651407626878e-01 6.448038104577552901e-03
2.403178068407699897e+01 1.857066438716690471e-01 6.198201491353545929e-03
2.434509629194348435e+01 1.811856486589047410e-01 6.207307181591747297e-03
2.465848549799978073e+01 1.769281058711621724e-01 5.811430609303873222e-03
2.497253373572267776e+01 1.727053739438690616e-01 5.505682176792063218e-03
2.528579525667710470e+01 1.688114744778847209e-01 5.478937247191299244e-03
2.559961998134047434e+01 1.648868916787799010e-01 5.260798284100155417e-03
2.591563048884203013e+01 1.612433541161333028e-01 5.146854141838412729e-03
2.623044819014549844e+01 1.575356526298925253e-01 5.111497080512271765e-03
2.654378654241668301e+01 1.539279509588353800e-01 5.050790202737466886e-03
2.685786763973363023e+01 1.505282637223340492e-01 5.036568945505488087e-03
2.717289781891895828e+01 1.472390303629042552e-01 4.870742304347414411e-03
2.748715326196108677e+01 1.441404137598785440e-01 4.612676557988713844e-03
2.779968713750889009e+01 1.409783084146434273e-01 4.397356337926999585e-03
2.811427338304828538e+01 1.379404664214291254e-01 4.216543273603064364e-03
2.843005768613632966e+01 1.352331929113121389e-01 4.163315107605224108e-03
2.874402294711039474e+01 1.322880249351347515e-01 4.003279805750875088e-03
2.905775105170279815e+01 1.297321949178858180e-01 4.010314288698049907e-03
2.937197248330484101e+01 1.270063283419104738e-01 3.850956083738162668e-03
2.968588110148449744e+01 1.245694700698066204e-01 3.773678048627170795e-03
2.999985977396841008e+01 1.222255159728656976e-01 3.647264043638485075e-03
3.031339557562138509e+01 1.198710046824387893e-01 3.619999074357482458e-03
3.062734788222267213e+01 1.175390535764914562e-01 3.469087569422624109e-03
3.094238866520757369e+01 1.152954386304228113e-01 3.441867278034917502e-03
3.125655283718949562e+01 1.131135514364533939e-01 3.300487043470801563e-03
3.157013725191605147e+01 1.109550939639157019e-01 3.206653719330369856e-03
3.188501781366027643e+01 1.089342172215676668e-01 3.094693015266016239e-03
3.219928891657278314e+01 1.069540968272200132e-01 3.059158034883488215e-03
3.251342708583055696e+01 1.050956177891859827e-01 3.030860870671120075e-03
3.282793058849519241e+01 1.032212309891355762e-01 2.948928326369891582e-03
3.314184641179626567e+01 1.014258968067190542e-01 2.938986866390852059e-03
3.345592722481097070e+01 9.957257809808639504e-02 2.826786121348145043e-03
3.377035099287802922e+01 9.791835579879151763e-02 2.763562221272905604e-03
3.408417757296601991e+01 9.628434864338027144e-02 2.658334765808496522e-03
3.439796266930849100e+01 9.461219633109548000e-02 2.676163349664359165e-03
3.471172158519765816e+01 9.296667878842899968e-02 2.604912403248167089e-03
3.502587701217368732e+01 9.143326021304636064e-02 2.559668476534944503e-03
3.534062478304358734e+01 8.993264264555853038e-02 2.524980371690324805e-03
3.565509504837460497e+01 8.838610091608051222e-02 2.431379608256287791e-03
3.596959125585713224e+01 8.701109236982385031e-02 2.401603447063154709e-03
3.628416903799056570e+01 8.554445071721655802e-02 2.438462083619466134e-03
3.659826341354674639e+01 8.418335325557478599e-02 2.343243326868598223e-03
3.691253995242461627e+01 8.292605978162009839e-02 2.267424318378185016e-03
3.722632921057968503e+01 8.161352264881710505e-02 2.257194395249050196e-03
3.753935550971355894e+01 8.035374319510575625e-02 2.196689161937129871e-03
3.785379232658022630e+01 7.910129508499470774e-02 2.138715799043569392e-03
3.816820616800478660e+01 7.787366321731616081e-02 2.135380179572901344e-03
3.848231479931133237e+01 7.669687774633084099e-02 2.060887707081101097e-03
3.879697432587706629e+01 7.558396763567344634e-02 1.999295997313937055e-03
3.911164570994792911e+01 7.445880915298452862e-02 1.985086520367702109e-03
3.942657468260119913e+01 7.339944506736865992e-02 1.947844825250159449e-03
3.973948283489760769e+01 7.229660321041848914e-02 1.964804905966015432e-03
4.005245548296176850e+01 7.125448859027889992e-02 1.903536614430357448e-03
4.036682030863680382e+01 7.016749232066149533e-02 1.877289008521337149e-03
4.068114744186932796e+01 6.920047792533746966e-02 1.870135127050642342e-03
4.099576499480517811e+01 6.825780369069868458e-02 1.802766420950604586e-03
4.130976318196394459e+01 6.734617593842771865e-02 1.773387316433616906e-03
4.162448535040202557e+01 6.631904560601908916e-02 1.712518590108924729e-03
4.193979654605389129e+01 6.541556524204222844e-02 1.664698863222885796e-03
4.225317319851522058e+01 6.452050528553333886e-02 1.638366953548898086e-03
4.256641433781323514e+01 6.365933120160188752e-02 1.578341325011697925e-03
4.288099131951004495e+01 6.277616621413367737e-02 1.590051009161716185e-03
4.319529238531207227e+01 6.195066292864209734e-02 1.543542049801077719e-03
4.350919372743798874e+01 6.111960254395557707e-02 1.533787787538449599e-03
4.382320548037633756e+01 6.034826249508333518e-02 1.526491711395639708e-03
4.413751936699867429e+01 5.954830582716923171e-02 1.515117057502214214e-03
4.445166384196934217e+01 5.880717779074366713e-02 1.477863722476150353e-03
4.476542123556563268e+01 5.803491432961721541e-02 1.452733606549413449e-03
4.507978260833547779e+01 5.735573081424796826e-02 1.428181206780808560e-03
4.539416664047413974e+01 5.659190161699103466e-02 1.387015315714203384e-03
4.570872053159931880e+01 5.589886696700843011e-02 1.344319851982544046e-03
4.602315408858807189e+01 5.518015678003158897e-02 1.311362702799634622e-03
4.633717207632355439e+01 5.451216356808690627e-02 1.322031836692846071e-03
4.665162098677463831e+01 5.387118304845014277e-02 1.301155358476394856e-03
4.696632892786939095e+01 5.319631391258229647e-02 1.284885271438934414e-03
4.727987405199097992e+01 5.255193450678270761e-02 1.237695149116035519e-03
4.759330009272585471e+01 5.194019836353198916e-02 1.230983805168633319e-03
4.790706627765919023e+01 5.131820349170783391e-02 1.202752119192754049e-03
4.822175472554553011e+01 5.069974675188675811e-02 1.157686495405680673e-03
4.853677816784124133e+01 5.013058617207387380e-02 1.164963219319331989e-03
4.885040384225014520e+01 4.953160642215787002e-02 1.134454190158984063e-03
4.916411662681706929e+01 4.894444898676621192e-02 1.146348297101540360e-03
4.947784845983336766e+01 4.838137099667384061e-02 1.111915269753027203e-03
4.979228150960553734e+01 4.783703585283310966e-02 1.079757063083557457e-03
5.010681053719186195e+01 4.727823521433708459e-02 1.056197155467246103e-03
5.042024126675676854e+01 4.675952247149130214e-02 1.064631692214846334e-03
5.073470749181217343e+01 4.624128425381560104e-02 1.061517296148360278e-03
5.104962777186486278e+01 4.574485254838085019e-02 1.035533992304046380e-03
5.136369902186972070e+01 4.520792369628789248e-02 1.020170557087223288e-03
5.167795909480086181e+01 4.472865346665448605e-02 1.013572286829687733e-03
5.199237786962974894e+01 4.423932627093375008e-02 1.005727385399808084e-03
5.230634874716525218e+01 4.377153108241572943e-02 9.809596575991847388e-04
5.262017184055142849e+01 4.329135314735214901e-02 9.579173395212474580e-04
5.293403523258043464e+01 4.285215790649173767e-02 9.626882082779820559e-04
5.324821665328946096e+01 4.240857698934229897e-02 9.568513502741742395e-04
5.356283887204177319e+01 4.196721310318648340e-02 9.231278727963361129e-04
5.387720244005389958e+01 4.152195892690274670e-02 9.292201634157652105e-04
5.419124100940217659e+01 4.109001229990268123e-02 9.420948019023504946e-04
5.450540119714083431e+01 4.069469844967113503e-02 9.013117121488098838e-04
5.481948329783215712e+01 4.028423047477718011e-02 8.868480377814925378e-04
5.513405660294207422e+01 3.988634487258969907e-02 8.712181020464230619e-04
5.544815237974399480e+01 3.949007191084778073e-02 8.475558878080593269e-04
5.576127142318796359e+01 3.911065905755044259e-02 8.578917305860848507e-04
5.607510638073839004e+01 3.873161764389975587e-02 8.619200175463039969e-04
5.638962869123960076e+01 3.836519167721014201e-02 8.387994889927489518e-04
5.670447763341914538e+01 3.799206937362493985e-02 8.519146579689476119e-04
5.701820248252029444e+01 3.764143512327539770e-02 8.196705139876833517e-04
5.733195901604897671e+01 3.727517381744831909e-02 8.086171722762226658e-04
5.764712064958249726e+01 3.692994351053239394e-02 8.029070035153282759e-04
5.796144533755393269e+01 3.657893302083355114e-02 8.158111471425986147e-04
5.827543609436339977e+01 3.625095194209668192e-02 7.937918821539509786e-04
5.858965381281051066e+01 3.592066339763302224e-02 8.008322775843934246e-04
5.890437181848294301e+01 3.559848581295421005e-02 8.045616311916377718e-04
5.921838271257634290e+01 3.528303555070368830e-02 7.925396267801140121e-04
5.953173211496333295e+01 3.497024165149097141e-02 7.842381553517947237e-04
5.984561044172004074e+01 3.466172414832115883e-02 7.638221178655546029e-04
6.016007886770730551e+01 3.436467362793087232e-02 7.555175585248600795e-04
6.047434222208529064e+01 3.407601713760550349e-02 7.539700501523055598e-04
6.078819510374049884e+01 3.378157607647693655e-02 7.435876866381990790e-04
6.110248775855733072e+01 3.349876046716349781e-02 7.351024367362766565e-04
6.141703083107434935e+01 3.323231617698247514e-02 7.221648549065551271e-04
6.173164932884664324e+01 3.294248234753927723e-02 7.360930860956499790e-04
6.204511235884282172e+01 3.269159434632790129e-02 7.145175704553730599e-04
6.235874195723437197e+01 3.240644154577639047e-02 7.082720466435420267e-04
6.267327299667211093e+01 3.215237381692452601e-02 7.055686105639537298e-04
6.298749759460891795e+01 3.191087496053476164e-02 6.992862618489582328e-04
6.330160715636269231e+01 3.167467673744429890e-02 7.016791740237512216e-04
6.361581442360031957e+01 3.143984926757795173e-02 7.059795445053863340e-04
6.393020775293106794e+01 3.118881045616481162e-02 6.958364727919618548e-04
6.424432944667968570e+01 3.096634541505013244e-02 6.910428398013049962e-04
6.455877100332915575e+01 3.072353588243291814e-02 6.765486367257025598e-04
6.487328631868861351e+01 3.050754983711539622e-02 6.924782461040623199e-04
6.518709135059721405e+01 3.028652353075512657e-02 6.913150843474414296e-04
6.550086614613807967e+01 3.007667835956386732e-02 6.821052140139341946e-04
6.581507238314434005e+01 2.987562296202588355e-02 6.652409719074910046e-04
6.612933801816515711e+01 2.966853232132421123e-02 6.682792390402319746e-04
6.644327462264372741e+01 2.947371089433842989e-02 6.653985343643182985e-04
6.675724024772777909e+01 2.928134296141300316e-02 6.649393959476204187e-04
6.707202581361374882e+01 2.907621592505239827e-02 6.644469358255207687e-04
6.738654342085472138e+01 2.890841414453178965e-02 6.740907698785608779e-04
6.770007949974387884e+01 2.871899819132317511e-02 6.746760182876574427e-04
6.801413046488892178e+01 2.854097740234768157e-02 6.691266614840639523e-04
6.832828432287988107e+01 2.835952676922631061e-02 6.692186836743322775e-04
6.864257492412163231e+01 2.820760312274752518e-02 6.702001046932977869e-04
6.895676864647008131e+01 2.805233430848751500e-02 6.553926766638531803e-04
6.927047835745285909e+01 2.788672251880922048e-02 6.588459552273000621e-04
6.958493206096495953e+01 2.772864645514864362e-02 6.616382542869985589e-04
6.989922257197353872e+01 2.759137666860500548e-02 6.620706574592177731e-04
7.021339417045909670e+01 2.743714378735227777e-02 6.642834644400288577e-04
7.052773897424346217e+01 2.730042872164166814e-02 6.612146850686183991e-04
7.084189167737326898e+01 2.717223714823129369e-02 6.635381626414487864e-04
7.115590885935685606e+01 2.704321096653916970e-02 6.549487227896153008e-04
7.146989005821200180e+01 2.690754535965709723e-02 6.583723395590195242e-04
7.178434609113935494e+01 2.680297148564063717e-02 6.528943860101153653e-04
7.209885608846497007e+01 2.669038038342334135e-02 6.495468044099577841e-04
7.241268339266662224e+01 2.657590336416278815e-02 6.582412168886914161e-04
7.272661744860863564e+01 2.647242297222156260e-02 6.557088846852542714e-04
7.304096595759399690e+01 2.636884571677056144e-02 6.657581624424722521e-04
7.335551822010131673e+01 2.628042378659268055e-02 6.626795776015308431e-04
7.366964544744810439e+01 2.618553587640220018e-02 6.538897403864338568e-04
7.398349826217994973e+01 2.611280062187851594e-02 6.472377667272156227e-04
7.429780723014216903e+01 2.601947776231502280e-02 6.525305689635606341e-04
7.461168053815575263e+01 2.594914601900272927e-02 6.502040046827048912e-04
7.492512351899900125e+01 2.589290805313677890e-02 6.608398636281508521e-04
7.523928760255913062e+01 2.581122073544377463e-02 6.641021198070712383e-04
7.555379959472880103e+01 2.577241562460378180e-02 6.565911360937565873e-04
7.586808174925810988e+01 2.571769313279117369e-02 6.624188506835842431e-04
7.618242854845652801e+01 2.566117572545956182e-02 6.634801330503199311e-04
7.649690178579460564e+01 2.561250211074840230e-02 6.734585219586686038e-04
7.681150884569460402e+01 2.557553506968797408e-02 6.695291137006734216e-04
7.712553593896940640e+01 2.556039474552180071e-02 6.784849249560880990e-04
7.743919815414901109e+01 2.552919287729497888e-02 6.754345012236299137e-04
7.775365348898256457e+01 2.552227736080335541e-02 6.787365707113912194e-04
7.806786624636168881e+01 2.551737301303009381e-02 6.858542976967925203e-04
7.838145605265704319e+01 2.550048048014002047e-02 6.950054783397763758e-04
7.869568487021912517e+01 2.551399427879544324e-02 6.983263697409655820e-04
7.901017726154370280e+01 2.550655312558779142e-02 7.034223618879705334e-04
7.932426967172689558e+01 2.553379994616060411e-02 7.132965703149865165e-04
7.963800071315027651e+01 2.555591389520753612e-02 7.125417916719431911e-04
7.995232181973354102e+01 2.559517201278099091e-02 7.127762306639269041e-04
8.026710683187394579e+01 2.564284532943083769e-02 7.232038132033497728e-04
8.058098841817748337e+01 2.558314249174343039e-02 7.167929437772794761e-04
8.089485841761938900e+01 2.546426056788910625e-02 7.076571435706037472e-04
8.120913542700235155e+01 2.534035958037027594e-02 7.068861720325685235e-04
8.152320399729813971e+01 2.522309956095853886e-02 7.025900762540797720e-04
8.183741234158418365e+01 2.511344278950630032e-02 6.938092411374076601e-04
8.215150691342314815e+01 2.499908866834434779e-02 6.876836036353443146e-04
8.246540403166144984e+01 2.489455949216692193e-02 6.883204151145297421e-04
8.277961243172062211e+01 2.477172579355427229e-02 6.889373024768879724e-04
8.309391379915852838e+01 2.466869095602620618e-02 6.888246773388652161e-04
8.340841199676388840e+01 2.456295527870527157e-02 6.972669186367968282e-04
8.372247805522263775e+01 2.446619888202380619e-02 6.899474890279404292e-04
8.403606928155355149e+01 2.435391501276659362e-02 6.884614028108815677e-04
8.435060771194061147e+01 2.424716968867288158e-02 6.880148291616606940e-04
8.466537403994669830e+01 2.416472540379974165e-02 6.943829716418510774e-04
8.497903215174325453e+01 2.406272548501897993e-02 6.917309703033318151e-04
8.529308967219921556e+01 2.397105787843484617e-02 6.869216984358584698e-04
8.560758620939661512e+01 2.389553862796362990e-02 6.961357518272801893e-04
8.592176930850853012e+01 2.378675098791203923e-02 6.909235989957364463e-04
8.623592234680224067e+01 2.370490079918098625e-02 6.977183604869087192e-04
8.654974592180241189e+01 2.363450906541617047e-02 7.024676772792894227e-04
8.686431801595330171e+01 2.354967744989990702e-02 7.024269593180665263e-04
8.717831512877299360e+01 2.346932211548239527e-02 7.129614292322863445e-04
8.749180038885013744e+01 2.337697835316298808e-02 7.062700291169017597e-04
8.780616393456979552e+01 2.331209799680040301e-02 6.972361179559223229e-04
8.812053080281283712e+01 2.324326024795908899e-02 7.059339030612931222e-04
8.843467894795254836e+01 2.317841022858458874e-02 7.136520145559314965e-04
8.874883741935526871e+01 2.308854735609149056e-02 7.108202366220688637e-04
8.906318108032054681e+01 2.301235566944719382e-02 7.117512438248734278e-04
8.937728738028999942e+01 2.296045974576274573e-02 7.150977060503804208e-04
8.969136461493712886e+01 2.289134012330942824e-02 7.219286802554236498e-04
9.000538608708266963e+01 2.283450147789746476e-02 7.192167674525948079e-04
9.031954569533935739e+01 2.277471866744713858e-02 7.138515383536634534e-04
9.063372571371668585e+01 2.271043614844977382e-02 7.203364560555580330e-04
9.094768176175277574e+01 2.266002909189723455e-02 7.169117610501812973e-04
9.126192514543302536e+01 2.261130347489834214e-02 7.191335372616745490e-04
9.157618431004050308e+01 2.254783603605033104e-02 7.281813341938296732e-04
9.189052044903290550e+01 2.251141031520436514e-02 7.241909635047634854e-04
9.220482130605392967e+01 2.245372298473170825e-02 7.247800275413783131e-04
9.251884607514890035e+01 2.241850461616397283e-02 7.224384514173733682e-04
9.283303729693140838e+01 2.235867041612313311e-02 7.291719652214099893e-04
9.314717990438124673e+01 2.231670681442709039e-02 7.245152907013426751e-04
9.346110245869820687e+01 2.228439550145135117e-02 7.289169702917350051e-04
9.377539067864897504e+01 2.225148846550252177e-02 7.230563565524542524e-04
9.408974975329175550e+01 2.221075227038304609e-02 7.328215204818201147e-04
9.440389065687497805e+01 2.218067094333190520e-02 7.374157253073771465e-04
9.471762225078724384e+01 2.215031360405099459e-02 7.383803247205504312e-04
9.503189844255133778e+01 2.211887721510341631e-02 7.460587256842983158e-04
9.534641686142936123e+01 2.209367382238940081e-02 7.503985551219621722e-04
9.566011079292637476e+01 2.207807925434030275e-02 7.465504457036971613e-04
9.597411172270480506e+01 2.205905372626575794e-02 7.584659697040651433e-04
9.628850528735904390e+01 2.202930785343820350e-02 7.710796578715784291e-04
9.660324551759315170e+01 2.202976249106787174e-02 7.699625938563455126e-04
9.691703557560205695e+01 2.200708830424077944e-02 7.803940979559237639e-04
9.723041430629675119e+01 2.200643427692387105e-02 7.790600898424520932e-04
9.754484307012232591e+01 2.200431204480963673e-02 7.895781467940882594e-04
9.785940598661414924e+01 2.199068309996361076e-02 7.910364404888405596e-04
9.817375460369085260e+01 2.201325978451594209e-02 7.863352622968949098e-04
9.848776640509666436e+01 2.200274499984712986e-02 7.986964658046199171e-04
9.880206887482727041e+01 2.200739553316998984e-02 7.978974339855985374e-04
9.911663016824624606e+01 2.201473641275007720e-02 7.889354900605494809e-04
9.943058596528010185e+01 2.203949491053929649e-02 8.077216368119644486e-04
9.974439643442121906e+01 2.203748467735854033e-02 8.121429231741744388e-04
1.000586520672233490e+02 2.207052993645158140e-02 8.157282188585612045e-04
1.003726311243779179e+02 2.209505983317834599e-02 8.263425407722795870e-04
1.006863609310031933e+02 2.210082542297056932e-02 8.384179592801577425e-04
1.010005540192626654e+02 2.215497952922042962e-02 8.383656177494872930e-04
1.013152026415403526e+02 2.217210680255756600e-02 8.444696073114557177e-04
1.016293679138634474e+02 2.220685190358846067e-02 8.415026566222888168e-04
1.019430501884507123e+02 2.224394703427600914e-02 8.515251984091752688e-04
1.022572449755250830e+02 2.227051893102296315e-02 8.604523721369062997e-04
1.025718418130836085e+02 2.232626069156342513e-02 8.642100892375006570e-04
1.028861911017171309e+02 2.236684588910873780e-02 8.678710141931668095e-04
1.032002231702024488e+02 2.242187739815125827e-02 8.814751063470411445e-04
1.035146392105253028e+02 2.249710561684787127e-02 8.969623824714533346e-04
1.038292359262971019e+02 2.253805400145182658e-02 9.080820740704628139e-04
1.041427121533907894e+02 2.261821009527670637e-02 9.130576877850733568e-04
1.044561295689368592e+02 2.266759387388317393e-02 9.125169494691008241e-04
1.047708650889197202e+02 2.274214550540357149e-02 9.285603050383889031e-04
1.050851522319120050e+02 2.281734877674812187e-02 9.343816336233575284e-04
1.053986366683002274e+02 2.289416129106315589e-02 9.580063246349447559e-04
1.057127898378478079e+02 2.298387090461074048e-02 9.638825726765848628e-04
1.060268944924848569e+02 2.303793988412459331e-02 9.720863632720196058e-04
1.063410375396088767e+02 2.317431493537287085e-02 9.832537010869665979e-04
1.066553351020730247e+02 2.322071666370250850e-02 9.973034681276873870e-04
1.069700059615547190e+02 2.331620494472634933e-02 1.009074427787827509e-03
1.072844699292986519e+02 2.340627314848306439e-02 1.017152207321472823e-03
1.075978948412114846e+02 2.347533363313471927e-02 1.021657187852010890e-03
1.079120166734675905e+02 2.360344350459763971e-02 1.040201429372939693e-03
1.082265240460195344e+02 2.365274539062216935e-02 1.047706980338402281e-03
1.085408584143816313e+02 2.378913331244998305e-02 1.070666066901271481e-03
1.088549564965246503e+02 2.390021740184458676e-02 1.075665240598555139e-03
1.091688370133313128e+02 2.394314860604023626e-02 1.090484636573661259e-03
1.094827263230301497e+02 2.410680711366183088e-02 1.098813291567812779e-03
1.097969070918947239e+02 2.412088792684911193e-02 1.099497326785962500e-03
1.101108614334973623e+02 2.432796268350967059e-02 1.146060872864513051e-03
1.104249250424424247e+02 2.430473310542772061e-02 1.138487074315509134e-03
1.107396862323123798e+02 2.446894155015022845e-02 1.153861381908602131e-03
1.110537909171902697e+02 2.451171855257259363e-02 1.144113979061589384e-03
1.113669060996339368e+02 2.453888999164033011e-02 1.177684755388931550e-03
1.116813961317518391e+02 2.464058618444925700e-02 1.196704244350995424e-03
1.119964394851646432e+02 2.459438848931529489e-02 1.205547448188170560e-03
1.123100421113602607e+02 2.473169122614506457e-02 1.217633925276299890e-03
1.126240536101794447e+02 2.462990265562073691e-02 1.224911826925820105e-03
1.129379966505166095e+02 2.461442557770546560e-02 1.240339565190529169e-03
1.132518883338644571e+02 2.459586219372802973e-02 1.254726794977113280e-03
1.135651955722218958e+02 2.451632329559256043e-02 1.270861101671407704e-03
1.138794864110013094e+02 2.439369904807768552e-02 1.266640885797675527e-03
1.141949152711211468e+02 2.433005920286196791e-02 1.279555141030017020e-03
1.145085006125939486e+02 2.431666725114895594e-02 1.282706344843205851e-03
1.148226787009071472e+02 2.434818605351392329e-02 1.299857975509718976e-03
1.151376864260383286e+02 2.426932649264773936e-02 1.308862594316584490e-03
1.154516629928821345e+02 2.430986332219973317e-02 1.343783059501427093e-03
1.157653370245882627e+02 2.433595399026574485e-02 1.329664772049357971e-03
1.160792451527899374e+02 2.433698616291496766e-02 1.347705105610993298e-03
1.163937924399171351e+02 2.435577411666714487e-02 1.340586604648476635e-03
1.167077718997228715e+02 2.439294254052852551e-02 1.394664194262978203e-03
1.170209684355608175e+02 2.448751892207936404e-02 1.382495981890492819e-03
1.173353550341486908e+02 2.451220597775089285e-02 1.397332410848300304e-03
1.176501645799607303e+02 2.456189914800257362e-02 1.414143834676588780e-03
1.179644947224674354e+02 2.467898768375253668e-02 1.426885608026814793e-03
1.182776938495577781e+02 2.476330236516177674e-02 1.451679215633352310e-03
1.185912892856654111e+02 2.479889765397165491e-02 1.458048527119205039e-03
1.189070451600216956e+02 2.491240961694983144e-02 1.483699285852888234e-03
1.192214046293417056e+02 2.501130448040666740e-02 1.511341367279433459e-03
1.195346291216650485e+02 2.511140651182102584e-02 1.543841387333282425e-03
1.198494069192820177e+02 2.520360820454988979e-02 1.575257042350948532e-03
1.201651774213734711e+02 2.532047297788881171e-02 1.580151329680696713e-03
1.204786536827043477e+02 2.543893472436839151e-02 1.614859896847364775e-03
1.207915400692489953e+02 2.557981308955339927e-02 1.651737156496138224e-03
1.211071928381454228e+02 2.571947139782623445e-02 1.669710316935106229e-03
1.214215028776850147e+02 2.587841842707516368e-02 1.702732872419032619e-03
1.217338884389058649e+02 2.605851374664784614e-02 1.716545754250148976e-03
1.220485106288860493e+02 2.613923084509012923e-02 1.712445242783206239e-03
1.223649490634236514e+02 2.629306806345476852e-02 1.770290355791542597e-03
1.226784559227979088e+02 2.651233337755239117e-02 1.815846552455385775e-03
1.229900019072183710e+02 2.674549251039226236e-02 1.826925324451215537e-03
1.233054617452374941e+02 2.683822593264626605e-02 1.830660836906526949e-03
1.236207153644814696e+02 2.701148867452746877e-02 1.881332644142246586e-03
1.239331775844842269e+02 2.731698941365255304e-02 1.914486591589364484e-03
1.242467158139630072e+02 2.750968029714558755e-02 1.936254240366811191e-03
1.245621415556689300e+02 2.770319909583875834e-02 1.989662969057624624e-03
1.248777688129184185e+02 2.797135046140327916e-02 2.003222813345016586e-03
1.251901895103835471e+02 2.827622453695295343e-02 2.070764036610849446e-03
1.255025226680442643e+02 2.849146500519372793e-02 2.146111950952501232e-03
1.258194076678557138e+02 2.873915010943311338e-02 2.151805014905895652e-03
1.261348474644680522e+02 2.898473256381273178e-02 2.190624077792686746e-03
1.264456058988723584e+02 2.940370301594100177e-02 2.191668263184515329e-03
1.267597475488652208e+02 2.951218188727939076e-02 2.259167081597153806e-03
1.270776507546071201e+02 2.989957740356692303e-02 2.221672891083388123e-03
1.273916799420037762e+02 3.020906895502373235e-02 2.309226397615018328e-03
1.277013863115962664e+02 3.065664782713583073e-02 2.401447935136180427e-03
1.280167859978632805e+02 3.092569040548395071e-02 2.410469597227845890e-03
1.283361908734028702e+02 3.130952446728841460e-02 2.476103946987723813e-03
1.286473756702684170e+02 3.178790569157621815e-02 2.578114014349072551e-03
1.289556262653206886e+02 3.212579560575101051e-02 2.597004804870328785e-03
1.292737748060940248e+02 3.249892591498539790e-02 2.649870242574061882e-03
1.295925097523526404e+02 3.306107546396078178e-02 2.679973884000146512e-03
1.299029660740884253e+02 3.354542322208128174e-02 2.760608614391769997e-03
1.302148579946444045e+02 3.388468819333162463e-02 2.776125190105653388e-03
1.305337248755816688e+02 3.449993236006456548e-02 2.929127789324722456e-03
1.308466417091605081e+02 3.505317526971705316e-02 2.901417188539672475e-03
1.311504272509779696e+02 3.568181464097990030e-02 3.010127638994753406e-03
1.314698765474287825e+02 3.613960273454796396e-02 3.115139017310572522e-03
1.317955287853964421e+02 3.671225511742236269e-02 3.095607654586137250e-03
1.321014893121398757e+02 3.758406216786045612e-02 3.181184085585268134e-03
1.324019756095517835e+02 3.810449763991324845e-02 3.267531968049567324e-03
1.327270481147153305e+02 3.882084739492504266e-02 3.346675521472182186e-03
1.330590141288029429e+02 3.962727395696567789e-02 3.537208017193949842e-03
1.333597573729420844e+02 4.059805739079148240e-02 3.682793317113781592e-03
1.336545450502629535e+02 4.115611952618609265e-02 3.907729512189688642e-03
1.339865882222744347e+02 4.204506200330107579e-02 3.777670132129118310e-03
1.343233465511614213e+02 4.288792496293546835e-02 3.788728081561896881e-03
1.346099178234919407e+02 4.384643434754503799e-02 3.740186352397925889e-03
1.348982338606730309e+02 4.464403024150909866e-02 3.897905862124827377e-03
1.352445969684641227e+02 4.563432621997771943e-02 4.284141381128122109e-03
1.355910131574484012e+02 4.639716604696447755e-02 4.228939827286539756e-03
1.358548951693456672e+02 4.749805071536841033e-02 4.302227548634393606e-03
1.361393223299698718e+02 4.890948236880618416e-02 5.081868897693454963e-03
1.364973923434689027e+02 5.061899142398686158e-02 5.161407297752283567e-03
1.368532643902742336e+02 5.207705545247559575e-02 5.524816596754212987e-03
1.371244101954353596e+02 5.288781755593308098e-02 6.299418453241444581e-03
1.373936659185979750e+02 5.449800394203299647e-02 6.138528736719534203e-03
1.377521569172451166e+02 5.608914640066976764e-02 6.955770152854793935e-03
1.381099672185708016e+02 5.741837835342735591e-02 7.971149274321878003e-03
1.383946394093705123e+02 5.971214655139200217e-02 1.053318617057499504e-02
1.386415991234134992e+02 6.228950789608242444e-02 1.389241471371025979e-02
1.389827905860589681e+02 6.256191279618129875e-02 2.105608408127059364e-02
1.392997911731879128e+02 6.575088818494290166e-02 7.137161989635691650e-02
