4.449820612348476812e-01 7.852802375648569466e+01 2.233507510827820752e+01
7.539561082532788561e-01 3.086758100626956036e+01 6.956754773751499421e+00
1.072395093228418306e+00 1.688055343042059420e+01 3.766342561575852343e+00
1.391830388244638339e+00 1.176480993875119196e+01 2.726281096519417524e+00
1.717549892901705233e+00 8.851468696704657191e+00 2.117344105798636633e+00
2.023943380712872830e+00 7.015552390913097902e+00 1.791404462122381691e+00
2.338358341787839745e+00 5.858395478158963776e+00 1.516835290998771457e+00
2.654112550882975707e+00 5.046785414348394561e+00 1.343943461526362571e+00
2.972681220470295038e+00 4.451808674505570274e+00 1.190562870575492704e+00
3.288112407294395911e+00 3.954872006579990273e+00 1.074552510227595903e+00
3.598316453349367894e+00 3.574938748778344166e+00 9.360291622742646922e-01
3.913930457844173816e+00 3.241712633328742044e+00 8.582217305107938676e-01
4.235199472917269503e+00 2.955563915318637491e+00 7.954202746991335671e-01
4.548427310263685186e+00 2.731233305614319207e+00 7.302332204344192945e-01
4.860394888415106252e+00 2.524007707926009481e+00 6.333413859116046041e-01
5.173815194796832273e+00 2.342748058491134877e+00 5.815906312029931469e-01
5.487882221272795569e+00 2.162420248756898644e+00 5.323560849436907993e-01
5.802715423900465908e+00 2.013720153340108343e+00 4.738703410877881939e-01
6.118348332687426172e+00 1.883471749557378061e+00 4.361241576026400613e-01
6.434086315451469140e+00 1.752990944763480385e+00 3.984005488048141252e-01
6.747504008320403202e+00 1.652058050768675290e+00 3.566023226366012433e-01
7.059747794210737837e+00 1.549226552307696680e+00 3.342356586511284200e-01
7.375667878737341532e+00 1.455065578095469991e+00 2.973300940224101185e-01
7.689325371261341857e+00 1.368441765786521769e+00 2.670990563819930497e-01
8.003287720255551463e+00 1.285080162889046029e+00 2.414814936766392361e-01
8.319955843435401732e+00 1.212259969432321061e+00 2.276215942656669433e-01
8.635978228882212449e+00 1.141465475021336218e+00 2.084508617270010022e-01
8.948826066885422037e+00 1.077888006825999945e+00 1.913138685984822340e-01
9.261768453239259458e+00 1.020543415633191620e+00 1.816242326881876146e-01
9.574033936705786729e+00 9.697950689556935622e-01 1.647510212577827093e-01
9.889449343257677327e+00 9.190656835331200147e-01 1.499409640164026947e-01
1.020468867723862161e+01 8.696179252082523181e-01 1.368546721347261297e-01
1.051969651304922948e+01 8.287115361773674804e-01 1.332059157210085387e-01
1.083454854911150811e+01 7.845992326749902102e-01 1.216224364343259645e-01
1.114850140608075968e+01 7.456513940979558885e-01 1.130682330265377761e-01
1.146310013543170925e+01 7.104557088054909153e-01 1.065569160880608934e-01
1.177570754183406088e+01 6.778721410529726654e-01 9.793034237951109278e-02
1.208955291908929475e+01 6.475583003293158280e-01 9.328842959619537689e-02
1.240428269719809684e+01 6.197560716455757790e-01 8.661293373682031616e-02
1.271746128436477186e+01 5.922699201432189975e-01 8.228663839478646269e-02
1.303167125942402471e+01 5.651196180207905817e-01 7.735264971999475381e-02
1.334628685448480212e+01 5.437908966454031434e-01 7.213959817606388492e-02
1.366211671570577835e+01 5.217536921703491704e-01 6.798376513533044285e-02
1.397764840042207979e+01 5.011871251000011851e-01 6.579564826259919064e-02
1.429183146157246576e+01 4.809029566868951444e-01 6.279678443389055675e-02
1.460438135697155637e+01 4.634429282018060481e-01 5.976717656349798957e-02
1.491724922219911242e+01 4.457690764774441816e-01 5.731783466185978726e-02
1.523191319703598623e+01 4.282591841364473684e-01 5.396030591765392515e-02
1.554639563501598509e+01 4.131651355374240109e-01 5.109288016039170016e-02
1.586084085809198996e+01 3.976834726591218505e-01 4.860318718083515149e-02
1.617593783972211341e+01 3.833383503205524123e-01 4.668163903567219830e-02
1.649084108775197777e+01 3.698266388350605061e-01 4.450161348710652415e-02
1.680588214728578222e+01 3.571704150877799688e-01 4.311119879197505139e-02
1.711850187854636829e+01 3.453282402012114449e-01 4.140046638670911300e-02
1.743239096333134697e+01 3.339694797226840928e-01 3.947965916108632511e-02
1.774705807205658914e+01 3.236590120281740979e-01 3.768902216632356861e-02
1.805958467710519955e+01 3.135255124148216277e-01 3.538906713769793266e-02
1.837383544781786071e+01 3.034824001306637986e-01 3.428253730910332114e-02
1.868823897638795373e+01 2.940186658128978170e-01 3.289327153106270940e-02
1.900327015737565972e+01 2.850644138937913907e-01 3.162349815102753758e-02
1.931769930629911514e+01 2.764117653519227447e-01 3.020476122548831216e-02
1.963070090682224844e+01 2.681391155594446407e-01 2.887824151418363558e-02
1.994632250160967146e+01 2.608248627248487828e-01 2.815904906489142753e-02
2.026036622288414080e+01 2.536440447963783651e-01 2.733037277902444773e-02
2.057458238785238436e+01 2.458794790964699550e-01 2.625714690647214938e-02
2.088907136058245584e+01 2.388956309694737490e-01 2.484199393961217250e-02
2.120200324362565425e+01 2.328449377404963327e-01 2.458474513101788911e-02
2.151712845135095975e+01 2.263754882367818300e-01 2.317028520577935069e-02
2.183179280127812660e+01 2.204177940614680531e-01 2.197177351528604994e-02
2.214498091610381536e+01 2.141655472695452034e-01 2.156991158434978448e-02
2.245817209264929559e+01 2.089551832402783416e-01 2.077492455045157338e-02
2.277207073127366144e+01 2.037763306889565085e-01 2.038048008922729859e-02
2.308817235150528901e+01 1.987457134190962205e-01 1.947080855519210327e-02
2.340322121011855216e+01 1.938077198304042625e-01 1.903612878934629604e-02
2.371742621382182747e+01 1.890316120218102081e-01 1.819815267484747867e-02
2.403178068407699897e+01 1.840416977249767494e-01 1.781501382723903182e-02
2.434509629194348435e+01 1.800052027866417825e-01 1.703904859178310971e-02
2.465848549799978073e+01 1.756601675313899102e-01 1.686491548660214168e-02
2.497253373572267776e+01 1.717169877843574000e-01 1.598138742357648606e-02
2.528579525667710470e+01 1.677432621928105494e-01 1.525923431572339881e-02
2.559961998134047434e+01 1.636922674409018175e-01 1.490008716083886763e-02
2.591563048884203013e+01 1.600371901484409498e-01 1.438310820490811687e-02
2.623044819014549844e+01 1.565466342655621457e-01 1.398934218920529909e-02
2.654378654241668301e+01 1.530050230777556530e-01 1.355232845120391862e-02
2.685786763973363023e+01 1.496448152394715958e-01 1.314521459882937032e-02
2.717289781891895828e+01 1.463223655961343739e-01 1.292875757857669602e-02
2.748715326196108677e+01 1.433710408496108590e-01 1.243702312930273883e-02
2.779968713750889009e+01 1.404886560721936850e-01 1.201359028409117354e-02
2.811427338304828538e+01 1.374431177028007656e-01 1.196042253848681597e-02
2.843005768613632966e+01 1.348102744228023564e-01 1.178636661437548055e-02
2.874402294711039474e+01 1.319770351364308869e-01 1.143368584355466434e-02
2.905775105170279815e+01 1.293135657423980234e-01 1.118760912227060450e-02
2.937197248330484101e+01 1.266659367669707992e-01 1.113190873092038437e-02
2.968588110148449744e+01 1.243162814621995849e-01 1.079352620758618382e-02
2.999985977396841008e+01 1.218894405456763669e-01 1.055121870916914638e-02
3.031339557562138509e+01 1.194990647534294598e-01 1.032289150910451619e-02
3.062734788222267213e+01 1.171978605575186155e-01 1.003778795359631590e-02
3.094238866520757369e+01 1.151449385241569562e-01 9.635660449875918521e-03
3.125655283718949562e+01 1.127605310874239958e-01 9.495649756252819151e-03
3.157013725191605147e+01 1.107317234326127692e-01 9.289420554708105460e-03
3.188501781366027643e+01 1.085780606024434602e-01 9.075699294808422038e-03
3.219928891657278314e+01 1.065731228403297426e-01 8.823813633148068492e-03
3.251342708583055696e+01 1.048028618598599304e-01 8.683765427011753621e-03
3.282793058849519241e+01 1.029684713115749523e-01 8.395196368426720290e-03
3.314184641179626567e+01 1.011467470929318796e-01 8.234064734916321515e-03
3.345592722481097070e+01 9.943004351724687995e-02 8.055420404617326391e-03
3.377035099287802922e+01 9.767129492068715724e-02 7.791735391577787710e-03
3.408417757296601991e+01 9.591282550032906307e-02 7.719478305117384587e-03
3.439796266930849100e+01 9.426626838478116555e-02 7.677914488325725435e-03
3.471172158519765816e+01 9.278998721126426041e-02 7.472329996737354756e-03
3.502587701217368732e+01 9.125961110582810065e-02 7.304184327254261908e-03
3.534062478304358734e+01 8.965183287121200606e-02 7.191093022906600192e-03
3.565509504837460497e+01 8.819877563944236720e-02 6.954954733318871075e-03
3.596959125585713224e+01 8.674218244739444195e-02 6.854284183354989596e-03
3.628416903799056570e+01 8.542274837928384712e-02 6.669947374091863244e-03
3.659826341354674639e+01 8.404298636985274573e-02 6.538924075601646249e-03
3.691253995242461627e+01 8.273876445253573741e-02 6.404736668502946859e-03
3.722632921057968503e+01 8.146217512567618946e-02 6.265169633411856072e-03
3.753935550971355894e+01 8.012817264168503595e-02 6.137450354872904523e-03
3.785379232658022630e+01 7.893200715635652343e-02 5.991047008196911244e-03
3.816820616800478660e+01 7.779713610149899261e-02 5.846527474298542949e-03
3.848231479931133237e+01 7.653740823204142896e-02 5.766576538838778104e-03
3.879697432587706629e+01 7.533284542361189107e-02 5.672283198121912291e-03
3.911164570994792911e+01 7.427742152060398673e-02 5.540001040892886426e-03
3.942657468260119913e+01 7.313026808174422078e-02 5.371115784292931038e-03
3.973948283489760769e+01 7.207052754642803705e-02 5.287137682735531218e-03
4.005245548296176850e+01 7.103108229031331045e-02 5.181744545029784606e-03
4.036682030863680382e+01 7.003765393115889137e-02 5.102541798689844664e-03
4.068114744186932796e+01 6.892260285262806485e-02 5.020717759549282906e-03
4.099576499480517811e+01 6.805082401983780782e-02 4.993806534355165090e-03
4.130976318196394459e+01 6.713598211861497578e-02 4.841566291615482034e-03
4.162448535040202557e+01 6.620603415332783348e-02 4.752596462527385740e-03
4.193979654605389129e+01 6.529350320661751750e-02 4.681529398113440030e-03
4.225317319851522058e+01 6.436405344919197968e-02 4.580868728307911468e-03
4.256641433781323514e+01 6.349717729593082338e-02 4.500888632379654482e-03
4.288099131951004495e+01 6.269137219382103776e-02 4.506029180501992630e-03
4.319529238531207227e+01 6.183196550208416159e-02 4.379615971984801570e-03
4.350919372743798874e+01 6.104346005861757685e-02 4.368109238728019351e-03
4.382320548037633756e+01 6.024737835238672817e-02 4.250671364169429124e-03
4.413751936699867429e+01 5.944491468304934773e-02 4.168819422403833089e-03
4.445166384196934217e+01 5.869668840911534957e-02 4.138759880704072705e-03
4.476542123556563268e+01 5.792540041842295789e-02 4.088605590913571911e-03
4.507978260833547779e+01 5.716125492836633681e-02 4.037684471534470909e-03
4.539416664047413974e+01 5.644500235477026284e-02 3.971796732521403438e-03
4.570872053159931880e+01 5.572519817292644756e-02 3.865899121934472400e-03
4.602315408858807189e+01 5.500845545992651825e-02 3.803899339871708810e-03
4.633717207632355439e+01 5.436279366295864585e-02 3.696305466615671439e-03
4.665162098677463831e+01 5.368401560765663494e-02 3.688462027638396770e-03
4.696632892786939095e+01 5.303494558684571092e-02 3.654286176891395708e-03
4.727987405199097992e+01 5.238419664197067199e-02 3.593821902126166385e-03
4.759330009272585471e+01 5.175219694757795391e-02 3.514895478592138661e-03
4.790706627765919023e+01 5.112800030125753264e-02 3.483210079074927201e-03
4.822175472554553011e+01 5.055316946611575907e-02 3.441636181562874632e-03
4.853677816784124133e+01 4.994474487711830085e-02 3.362712845553813938e-03
4.885040384225014520e+01 4.936798862712882957e-02 3.320639339447026273e-03
4.916411662681706929e+01 4.880698142071289436e-02 3.262054796080681753e-03
4.947784845983336766e+01 4.823480451667122582e-02 3.187852465207377094e-03
4.979228150960553734e+01 4.766543771818934627e-02 3.119179438033699726e-03
5.010681053719186195e+01 4.717173579740800704e-02 3.060579099371501816e-03
5.042024126675676854e+01 4.664339305283114051e-02 3.003220836512418383e-03
5.073470749181217343e+01 4.608996488899962801e-02 2.939604019011112738e-03
5.104962777186486278e+01 4.557871360222692098e-02 2.903256364078403168e-03
5.136369902186972070e+01 4.511370616463406674e-02 2.888928940404843215e-03
5.167795909480086181e+01 4.459978867237661404e-02 2.860432491335098901e-03
5.199237786962974894e+01 4.413456763994100251e-02 2.846124241376292441e-03
5.230634874716525218e+01 4.369516518515797338e-02 2.794364422802884419e-03
5.262017184055142849e+01 4.320537430464087281e-02 2.728770416528548785e-03
5.293403523258043464e+01 4.277432412663208922e-02 2.725186948833627221e-03
5.324821665328946096e+01 4.237914728368582379e-02 2.682953609878416072e-03
5.356283887204177319e+01 4.192104705715921781e-02 2.670917240693841677e-03
5.387720244005389958e+01 4.150757502310560565e-02 2.612485190084232970e-03
5.419124100940217659e+01 4.107848490446462664e-02 2.607622424026942009e-03
5.450540119714083431e+01 4.064553780551154183e-02 2.553895670718571431e-03
5.481948329783215712e+01 4.025645878771069025e-02 2.547467697188476529e-03
5.513405660294207422e+01 3.983857423446227064e-02 2.516579651966656134e-03
5.544815237974399480e+01 3.943148813288083893e-02 2.476869314039403889e-03
5.576127142318796359e+01 3.904437268275107870e-02 2.451829052804048881e-03
5.607510638073839004e+01 3.868759698068597458e-02 2.409131363310873693e-03
5.638962869123960076e+01 3.831431342268529910e-02 2.403292797168266309e-03
5.670447763341914538e+01 3.794338883424324543e-02 2.345800110932896431e-03
5.701820248252029444e+01 3.759150665597409818e-02 2.336998860386094688e-03
5.733195901604897671e+01 3.725202111398685789e-02 2.307664099802776356e-03
5.764712064958249726e+01 3.690967987737414635e-02 2.277413033882215877e-03
5.796144533755393269e+01 3.660324152423769656e-02 2.251781054118810570e-03
5.827543609436339977e+01 3.623768917830799685e-02 2.222204369654072736e-03
5.858965381281051066e+01 3.590431337533859374e-02 2.189551870710993841e-03
5.890437181848294301e+01 3.558278316886585163e-02 2.173018524481741976e-03
5.921838271257634290e+01 3.525004118498243494e-02 2.132375568317609275e-03
5.953173211496333295e+01 3.493476382166108007e-02 2.105499648688248775e-03
5.984561044172004074e+01 3.465548139952327744e-02 2.089556428842591438e-03
6.016007886770730551e+01 3.435313458009229409e-02 2.065326678951284658e-03
6.047434222208529064e+01 3.405174662138985703e-02 2.048842445742505777e-03
6.078819510374049884e+01 3.376743734708064631e-02 2.021782934806104666e-03
6.110248775855733072e+01 3.345201189560172150e-02 1.996827571715929003e-03
6.141703083107434935e+01 3.317760248867847317e-02 1.974613665875642448e-03
6.173164932884664324e+01 3.289931826816215599e-02 1.946838995498145937e-03
6.204511235884282172e+01 3.265774978559668473e-02 1.913769607108593927e-03
6.235874195723437197e+01 3.236276039848442337e-02 1.899509940592048656e-03
6.267327299667211093e+01 3.210052841920152389e-02 1.894948824163077876e-03
6.298749759460891795e+01 3.184408650253890000e-02 1.896061644146172483e-03
6.330160715636269231e+01 3.161209351243275678e-02 1.851136187723467601e-03
6.361581442360031957e+01 3.135079040931976896e-02 1.842844039458552694e-03
6.393020775293106794e+01 3.113023332477021440e-02 1.830521743046450208e-03
6.424432944667968570e+01 3.090532869340204686e-02 1.808901891192065585e-03
6.455877100332915575e+01 3.068439031530543343e-02 1.784898166260118343e-03
6.487328631868861351e+01 3.046560568404681896e-02 1.783584081314089744e-03
6.518709135059721405e+01 3.023544293096596530e-02 1.784963143248259913e-03
6.550086614613807967e+01 3.001310390598303790e-02 1.762562497308494801e-03
6.581507238314434005e+01 2.979288453884432544e-02 1.727439303780054815e-03
6.612933801816515711e+01 2.960184896640875168e-02 1.706555946544958957e-03
6.644327462264372741e+01 2.941016578473814105e-02 1.694186453631832054e-03
6.675724024772777909e+01 2.919602340453351583e-02 1.680965256446579443e-03
6.707202581361374882e+01 2.901092331799080826e-02 1.660760687862012416e-03
6.738654342085472138e+01 2.881736227468644287e-02 1.657796041775420372e-03
6.770007949974387884e+01 2.863923046112030329e-02 1.629099277886658301e-03
6.801413046488892178e+01 2.846855640001271295e-02 1.622703835707478125e-03
6.832828432287988107e+01 2.827667497600037938e-02 1.617406830785665574e-03
6.864257492412163231e+01 2.810512859305969516e-02 1.599485697388612886e-03
6.895676864647008131e+01 2.793288605475118327e-02 1.601293812689459292e-03
6.927047835745285909e+01 2.778052331331236011e-02 1.580855464996453602e-03
6.958493206096495953e+01 2.764866626451820131e-02 1.586988774884153268e-03
6.989922257197353872e+01 2.748184404872267006e-02 1.563219870264263237e-03
7.021339417045909670e+01 2.733317258813066850e-02 1.548804189557384525e-03
7.052773897424346217e+01 2.720208422850787719e-02 1.535215400432719032e-03
7.084189167737326898e+01 2.706123878714978420e-02 1.527201092628121919e-03
7.115590885935685606e+01 2.694232685755081069e-02 1.507207151412928844e-03
7.146989005821200180e+01 2.681544236681044843e-02 1.512599952063755845e-03
7.178434609113935494e+01 2.669095654309016838e-02 1.491235698639403967e-03
7.209885608846497007e+01 2.657188282854687847e-02 1.491927239266145839e-03
7.241268339266662224e+01 2.646095168795271901e-02 1.480809344335610187e-03
7.272661744860863564e+01 2.636523621823491301e-02 1.485696597668714541e-03
7.304096595759399690e+01 2.624421721370254548e-02 1.485905383269156251e-03
7.335551822010131673e+01 2.614858033266420287e-02 1.472267749146344545e-03
7.366964544744810439e+01 2.605350719365909229e-02 1.470491530978892351e-03
7.398349826217994973e+01 2.595964465618590816e-02 1.462378787494813355e-03
7.429780723014216903e+01 2.587683271892214990e-02 1.460127636005029107e-03
7.461168053815575263e+01 2.581134156461654255e-02 1.465878512374888280e-03
7.492512351899900125e+01 2.572574017013221082e-02 1.456807778977007748e-03
7.523928760255913062e+01 2.565742963959389764e-02 1.451162780674533463e-03
7.555379959472880103e+01 2.559397616003879217e-02 1.458165286941117984e-03
7.586808174925810988e+01 2.555678348144463027e-02 1.458610520844452361e-03
7.618242854845652801e+01 2.549583657931009037e-02 1.448432797604583874e-03
7.649690178579460564e+01 2.545322244938817355e-02 1.449447820617482362e-03
7.681150884569460402e+01 2.540174571944454548e-02 1.437567085878775500e-03
7.712553593896940640e+01 2.537889308532880958e-02 1.448304726478283214e-03
7.743919815414901109e+01 2.535531930104981818e-02 1.457922579118377119e-03
7.775365348898256457e+01 2.533882974291204807e-02 1.453509277863483488e-03
7.806786624636168881e+01 2.532276400484921933e-02 1.454018345948113102e-03
7.838145605265704319e+01 2.531405476113317635e-02 1.433244481132158387e-03
7.869568487021912517e+01 2.532707598340860553e-02 1.452239646133498185e-03
7.901017726154370280e+01 2.533314090889316958e-02 1.470674333728473181e-03
7.932426967172689558e+01 2.536208062239524164e-02 1.466199564308105297e-03
7.963800071315027651e+01 2.537406686830983443e-02 1.465453643360831865e-03
7.995232181973354102e+01 2.539911008827005698e-02 1.482195730511574579e-03
8.026710683187394579e+01 2.546220087373646593e-02 1.492701554006160532e-03
8.058098841817748337e+01 2.540453720382858036e-02 1.502420183630879136e-03
8.089485841761938900e+01 2.528630613311204714e-02 1.489113719185944330e-03
8.120913542700235155e+01 2.515266483263924394e-02 1.472745400795130504e-03
8.152320399729813971e+01 2.504208023927534041e-02 1.474747004879451871e-03
8.183741234158418365e+01 2.491903057083731318e-02 1.464399454121018910e-03
8.215150691342314815e+01 2.480909948120044173e-02 1.448014269985284201e-03
8.246540403166144984e+01 2.469897138150543847e-02 1.434066700168837522e-03
8.277961243172062211e+01 2.457989551907624470e-02 1.450185176611336335e-03
8.309391379915852838e+01 2.447230023638584731e-02 1.436818586881618903e-03
8.340841199676388840e+01 2.436239051679882708e-02 1.425778063962802661e-03
8.372247805522263775e+01 2.426280725964545526e-02 1.414363932857934424e-03
8.403606928155355149e+01 2.416127252554405025e-02 1.415515728419407477e-03
8.435060771194061147e+01 2.405129416410444268e-02 1.406669639811683600e-03
8.466537403994669830e+01 2.394582464755181175e-02 1.409269023459039502e-03
8.497903215174325453e+01 2.384508409879233445e-02 1.401225830522620812e-03
8.529308967219921556e+01 2.375679721536648123e-02 1.394192021477131966e-03
8.560758620939661512e+01 2.367163726339663321e-02 1.391467792753864905e-03
8.592176930850853012e+01 2.358817394718041444e-02 1.389809463973885233e-03
8.623592234680224067e+01 2.348384992173331229e-02 1.381821695172399337e-03
8.654974592180241189e+01 2.340984981524826813e-02 1.380012431484580609e-03
8.686431801595330171e+01 2.331429817682549588e-02 1.382993551532258562e-03
8.717831512877299360e+01 2.323318566867808160e-02 1.390968941350636786e-03
8.749180038885013744e+01 2.315200970619335497e-02 1.372928478300142804e-03
8.780616393456979552e+01 2.308209540030686097e-02 1.370133980726745415e-03
8.812053080281283712e+01 2.300603229013842288e-02 1.361835011546172263e-03
8.843467894795254836e+01 2.294009295500238493e-02 1.366400331253088581e-03
8.874883741935526871e+01 2.286109228213753855e-02 1.367879316546970290e-03
8.906318108032054681e+01 2.279415146747686485e-02 1.362871167897022114e-03
8.937728738028999942e+01 2.273306883591588029e-02 1.347327238922186882e-03
8.969136461493712886e+01 2.265902296133777069e-02 1.344731507918291461e-03
9.000538608708266963e+01 2.259409282836607677e-02 1.353492039631941151e-03
9.031954569533935739e+01 2.253941987111495945e-02 1.350421869629342582e-03
9.063372571371668585e+01 2.247218934440920954e-02 1.353474735631862193e-03
9.094768176175277574e+01 2.240808619131534271e-02 1.351916914704259483e-03
9.126192514543302536e+01 2.236299665143058960e-02 1.339313632407487234e-03
9.157618431004050308e+01 2.231436746124394396e-02 1.356194012321108996e-03
9.189052044903290550e+01 2.226650442449707237e-02 1.361046635340532659e-03
9.220482130605392967e+01 2.221232173259419379e-02 1.371703177020208980e-03
9.251884607514890035e+01 2.217930915224865934e-02 1.376806224336736204e-03
9.283303729693140838e+01 2.212755643661201699e-02 1.360114020640507907e-03
9.314717990438124673e+01 2.208510465185820407e-02 1.358491785013311815e-03
9.346110245869820687e+01 2.204360776865045210e-02 1.353478252616646107e-03
9.377539067864897504e+01 2.199870832578479374e-02 1.344218624530947462e-03
9.408974975329175550e+01 2.196018046207033267e-02 1.348886886372576560e-03
9.440389065687497805e+01 2.193606992417487106e-02 1.353087847683896814e-03
9.471762225078724384e+01 2.190688189067136263e-02 1.356832818080831249e-03
9.503189844255133778e+01 2.187581547819234667e-02 1.348626203220577857e-03
9.534641686142936123e+01 2.183642469851172080e-02 1.374230083082025574e-03
9.566011079292637476e+01 2.183136498281394722e-02 1.384032767898574256e-03
9.597411172270480506e+01 2.181783039519833919e-02 1.379020645178178576e-03
9.628850528735904390e+01 2.177699760726014080e-02 1.362654122686266780e-03
9.660324551759315170e+01 2.179181693657519792e-02 1.371388183596720586e-03
9.691703557560205695e+01 2.176147308152063392e-02 1.382116418946281603e-03
9.723041430629675119e+01 2.176722826576509354e-02 1.378293915248713893e-03
9.754484307012232591e+01 2.175087513878986092e-02 1.362750778396913795e-03
9.785940598661414924e+01 2.173363724421428431e-02 1.361255327496789253e-03
9.817375460369085260e+01 2.174911848569775763e-02 1.364944758406109711e-03
9.848776640509666436e+01 2.173347292147245757e-02 1.363966959508766804e-03
9.880206887482727041e+01 2.175520484340405167e-02 1.376971889364368880e-03
9.911663016824624606e+01 2.174969165546006972e-02 1.368506838055304426e-03
9.943058596528010185e+01 2.177087608118040071e-02 1.380839555977960310e-03
9.974439643442121906e+01 2.178481700019909220e-02 1.411533817063713751e-03
1.000586520672233490e+02 2.181596404710739803e-02 1.417403040945512628e-03
1.003726311243779179e+02 2.183358962858489641e-02 1.421693015916229838e-03
1.006863609310031933e+02 2.182459174413001884e-02 1.434232256027724757e-03
1.010005540192626654e+02 2.187778739901570513e-02 1.441518608267096119e-03
1.013152026415403526e+02 2.190660994715856041e-02 1.452881962291123789e-03
1.016293679138634474e+02 2.193659413439484271e-02 1.441667942606733978e-03
1.019430501884507123e+02 2.198719490198886017e-02 1.459648143104166343e-03
1.022572449755250830e+02 2.199332473061518106e-02 1.441124241909973397e-03
1.025718418130836085e+02 2.205481480626243426e-02 1.462206689208487122e-03
1.028861911017171309e+02 2.211232054953259085e-02 1.474580447068998650e-03
1.032002231702024488e+02 2.215452273239286798e-02 1.488806885416102703e-03
1.035146392105253028e+02 2.220051240415887514e-02 1.489089789306415881e-03
1.038292359262971019e+02 2.225769573532243584e-02 1.500089767680874188e-03
1.041427121533907894e+02 2.231453842907936067e-02 1.507374563354099174e-03
1.044561295689368592e+02 2.234708891682169948e-02 1.517815384012020149e-03
1.047708650889197202e+02 2.244711048986507487e-02 1.543613638590677619e-03
1.050851522319120050e+02 2.251016614513067296e-02 1.564079440766124457e-03
1.053986366683002274e+02 2.256429757775536490e-02 1.543237644995376807e-03
1.057127898378478079e+02 2.265616086602518717e-02 1.568479479814287054e-03
1.060268944924848569e+02 2.272232792487249853e-02 1.577175562563123143e-03
1.063410375396088767e+02 2.285153410255059622e-02 1.594389964749786445e-03
1.066553351020730247e+02 2.289264128346188074e-02 1.599468177364884438e-03
1.069700059615547190e+02 2.299396533014939903e-02 1.620892489743766670e-03
1.072844699292986519e+02 2.308729640577627737e-02 1.634600653635677860e-03
1.075978948412114846e+02 2.315783422311585432e-02 1.639488843069421709e-03
1.079120166734675905e+02 2.328644900082953509e-02 1.664605932928549508e-03
1.082265240460195344e+02 2.331374998943344656e-02 1.681939790860986859e-03
1.085408584143816313e+02 2.347360235310996107e-02 1.703677404033376213e-03
1.088549564965246503e+02 2.356415684047528589e-02 1.708873099446024191e-03
1.091688370133313128e+02 2.362079600622029110e-02 1.712932903618892728e-03
1.094827263230301497e+02 2.377969488550014596e-02 1.725884770054352760e-03
1.097969070918947239e+02 2.374987225125645141e-02 1.714395179829252469e-03
1.101108614334973623e+02 2.395597776914301300e-02 1.750688686541548248e-03
1.104249250424424247e+02 2.394333555637799538e-02 1.762340038514013637e-03
1.107396862323123798e+02 2.408884897537992564e-02 1.764390536535671589e-03
1.110537909171902697e+02 2.414548884839613080e-02 1.793204399378451382e-03
1.113669060996339368e+02 2.415631498183451117e-02 1.778186562092708275e-03
1.116813961317518391e+02 2.428334400414786792e-02 1.807283667594013514e-03
1.119964394851646432e+02 2.421614003307453675e-02 1.817285022305014036e-03
1.123100421113602607e+02 2.433937534122817756e-02 1.828659816348448316e-03
1.126240536101794447e+02 2.423752759327624240e-02 1.825857913533675747e-03
1.129379966505166095e+02 2.422596250377506352e-02 1.845750284919621918e-03
1.132518883338644571e+02 2.419308374225820693e-02 1.848696387166595375e-03
1.135651955722218958e+02 2.409634965063042755e-02 1.869671465481396316e-03
1.138794864110013094e+02 2.398287866519483932e-02 1.892107442558031965e-03
1.141949152711211468e+02 2.390394272136962817e-02 1.897148105784490736e-03
1.145085006125939486e+02 2.388231055874589018e-02 1.931715149314735787e-03
1.148226787009071472e+02 2.391895383757913426e-02 1.944430678107614795e-03
1.151376864260383286e+02 2.384732531837625152e-02 1.965529793975999678e-03
1.154516629928821345e+02 2.386463317494664366e-02 1.956535707763814268e-03
1.157653370245882627e+02 2.392363970066009593e-02 1.947907135186413086e-03
1.160792451527899374e+02 2.392912053285643076e-02 1.965915507915942748e-03
1.163937924399171351e+02 2.396140267453667275e-02 1.996087340609248393e-03
1.167077718997228715e+02 2.398812928354270013e-02 2.012084346132033547e-03
1.170209684355608175e+02 2.404729056165919726e-02 2.037951336316030232e-03
1.173353550341486908e+02 2.408407900894549147e-02 2.042514567440768900e-03
1.176501645799607303e+02 2.412017518519477335e-02 2.026569457033125087e-03
1.179644947224674354e+02 2.422211762589011538e-02 2.068747966046796064e-03
1.182776938495577781e+02 2.429729851922564354e-02 2.075356509655401638e-03
1.185912892856654111e+02 2.432821772765763474e-02 2.103369400157140395e-03
1.189070451600216956e+02 2.442548014308360688e-02 2.149304854864524106e-03
1.192214046293417056e+02 2.457700341189976781e-02 2.166697873806941281e-03
1.195346291216650485e+02 2.466273798170582829e-02 2.183388558211726057e-03
1.198494069192820177e+02 2.473855733894307976e-02 2.243857026234509500e-03
1.201651774213734711e+02 2.488029287962644984e-02 2.262589755413624195e-03
1.204786536827043477e+02 2.498759086107070829e-02 2.298424807650802006e-03
1.207915400692489953e+02 2.511364747956530349e-02 2.379947852289010513e-03
1.211071928381454228e+02 2.517965118741871330e-02 2.379727074422383504e-03
1.214215028776850147e+02 2.535623895154880472e-02 2.383390542075295663e-03
1.217338884389058649e+02 2.549616465330284062e-02 2.428132420679623028e-03
1.220485106288860493e+02 2.557916905482092093e-02 2.527924608229675362e-03
1.223649490634236514e+02 2.574317586897724788e-02 2.533522613390603792e-03
1.226784559227979088e+02 2.594667633860925360e-02 2.538084313627586922e-03
1.229900019072183710e+02 2.610268841940599840e-02 2.548040810547712830e-03
1.233054617452374941e+02 2.622640857777667686e-02 2.568286535994214644e-03
1.236207153644814696e+02 2.642631082337200746e-02 2.622863806100390882e-03
1.239331775844842269e+02 2.673197041990865025e-02 2.746669128330705631e-03
1.242467158139630072e+02 2.692266366391465188e-02 2.674969320054841268e-03
1.245621415556689300e+02 2.704247846772123501e-02 2.745330223015615776e-03
1.248777688129184185e+02 2.729170245157523655e-02 2.712327204219745769e-03
1.251901895103835471e+02 2.750073757925486362e-02 2.746573020536653524e-03
1.255025226680442643e+02 2.768725638793184327e-02 2.825911129513612469e-03
1.258194076678557138e+02 2.800103221700862496e-02 2.873959318978594555e-03
1.261348474644680522e+02 2.824284518773231487e-02 2.843887339346450483e-03
1.264456058988723584e+02 2.866421208279623309e-02 2.876703875826184566e-03
1.267597475488652208e+02 2.873822285883329691e-02 2.900412355536782089e-03
1.270776507546071201e+02 2.913723953476211534e-02 2.985862155457300396e-03
1.273916799420037762e+02 2.940960499733470332e-02 3.027150088553494985e-03
1.277013863115962664e+02 2.978427742634943282e-02 3.131871903989379927e-03
1.280167859978632805e+02 3.012346352232696603e-02 3.117762955634699028e-03
1.283361908734028702e+02 3.046151026278288987e-02 3.188665335527062546e-03
1.286473756702684170e+02 3.090339540453474615e-02 3.218171395300411901e-03
1.289556262653206886e+02 3.131299126118507192e-02 3.319678530036993848e-03
1.292737748060940248e+02 3.170671867724191018e-02 3.376784844342575320e-03
1.295925097523526404e+02 3.209009993411211098e-02 3.407284260193088870e-03
1.299029660740884253e+02 3.262813732373411046e-02 3.484767080946746427e-03
1.302148579946444045e+02 3.305669299338749589e-02 3.667908305440097366e-03
1.305337248755816688e+02 3.354834465739953142e-02 3.804931417024283273e-03
1.308466417091605081e+02 3.403400148329927682e-02 3.830989812139329233e-03
1.311504272509779696e+02 3.465834024056871354e-02 3.872063423947608163e-03
1.314698765474287825e+02 3.509694341374128279e-02 3.950502570553258118e-03
1.317955287853964421e+02 3.571471360643152515e-02 3.927437840229065780e-03
1.321014893121398757e+02 3.627851109472806507e-02 4.031861510911866064e-03
1.324019756095517835e+02 3.701825256839786499e-02 4.139423904166877367e-03
1.327270481147153305e+02 3.726234890379220149e-02 4.187994118127704238e-03
1.330590141288029429e+02 3.803471864651554457e-02 4.465849816267169342e-03
1.333597573729420844e+02 3.899746552575582975e-02 4.592704546357226358e-03
1.336545450502629535e+02 3.976507819000615895e-02 4.579553131181126821e-03
1.339865882222744347e+02 4.018735553377336678e-02 4.734986677539009328e-03
1.343233465511614213e+02 4.112585053462145673e-02 4.922745391734442699e-03
1.346099178234919407e+02 4.218166588662428801e-02 5.217019783103603488e-03
1.348982338606730309e+02 4.306046751798447980e-02 4.978072073067632726e-03
1.352445969684641227e+02 4.415495175198493050e-02 5.253171026679064395e-03
1.355910131574484012e+02 4.456089619930934248e-02 5.415427219757047196e-03
1.358548951693456672e+02 4.527119442679759104e-02 5.694380715091792826e-03
1.361393223299698718e+02 4.641743536071207821e-02 5.858309481072903648e-03
1.364973923434689027e+02 4.810804125698171091e-02 5.951736781442195680e-03
1.368532643902742336e+02 4.885971239141765482e-02 6.202669952805317348e-03
1.371244101954353596e+02 5.053927579732135633e-02 6.737571557011635091e-03
1.373936659185979750e+02 5.146112130139948032e-02 7.543809033790697081e-03
1.377521569172451166e+02 5.188250398074042286e-02 7.081455984119945646e-03
1.381099672185708016e+02 5.414086848932794793e-02 8.496461879573284290e-03
1.383946394093705123e+02 5.578168633855913605e-02 1.348374123552485010e-02
1.386415991234134992e+02 5.652207625997414386e-02 1.322774681960210350e-02
1.389827905860589681e+02 5.480095362646277002e-02 2.207684294104549083e-02
1.392997911731879128e+02 6.390299944890941164e-02 8.250104347789381787e-02
