4.449820612348476812e-01 4.691676117332415430e+01 8.983201096123419882e-01
7.539561082532788561e-01 1.609445684590311743e+01 9.110323499395276414e-01
1.072395093228418306e+00 8.553285616499501032e+00 6.721619274264083455e-01
1.391830388244638339e+00 5.459041201934328846e+00 4.235569577555647336e-01
1.717549892901705233e+00 3.874648097544380665e+00 3.587151653202255153e-01
2.023943380712872830e+00 3.003106190794177621e+00 2.789809856917510045e-01
2.338358341787839745e+00 2.415666092894111827e+00 2.154983723211190971e-01
2.654112550882975707e+00 2.027680347538669547e+00 2.152842377840500920e-01
2.972681220470295038e+00 1.731055040138774093e+00 1.921628014125804085e-01
3.288112407294395911e+00 1.509929195765191690e+00 1.677244604768422520e-01
3.598316453349367894e+00 1.342946118675451883e+00 1.497666602030330307e-01
3.913930457844173816e+00 1.209227898710854676e+00 1.435430023016853185e-01
4.235199472917269503e+00 1.095492002141101429e+00 1.300215714015498791e-01
4.548427310263685186e+00 1.007423542348095058e+00 1.195502687276532722e-01
4.860394888415106252e+00 9.260885705324032324e-01 1.117048705519292778e-01
5.173815194796832273e+00 8.600450224390533416e-01 9.808698345120911433e-02
5.487882221272795569e+00 8.012721075646436208e-01 9.107115384500791277e-02
5.802715423900465908e+00 7.443170730282375747e-01 8.168936206557503299e-02
6.118348332687426172e+00 7.005419226834868063e-01 7.629652168401543366e-02
6.434086315451469140e+00 6.605063127743018292e-01 7.000116599290176489e-02
6.747504008320403202e+00 6.223197114812293318e-01 6.235212436080437431e-02
7.059747794210737837e+00 5.877218355251005999e-01 5.750298231149758577e-02
7.375667878737341532e+00 5.560302725758154985e-01 5.161322020936993937e-02
7.689325371261341857e+00 5.266365418320231306e-01 4.687781585717987198e-02
8.003287720255551463e+00 5.002741101886809538e-01 4.371185929896158340e-02
8.319955843435401732e+00 4.735114959996225004e-01 3.990140668408452551e-02
8.635978228882212449e+00 4.523735216251130176e-01 3.645593382226824941e-02
8.948826066885422037e+00 4.305415973649807104e-01 3.381541123172925045e-02
9.261768453239259458e+00 4.090729784397214019e-01 2.953178618782406964e-02
9.574033936705786729e+00 3.916680866289427576e-01 2.778455414798011031e-02
9.889449343257677327e+00 3.735533674093794998e-01 2.457759860783437916e-02
1.020468867723862161e+01 3.576023920609533446e-01 2.306142991644692317e-02
1.051969651304922948e+01 3.416059238065225490e-01 2.146860272617420740e-02
1.083454854911150811e+01 3.263714018933055461e-01 1.989737043864770946e-02
1.114850140608075968e+01 3.128035201960989165e-01 1.801006478994847740e-02
1.146310013543170925e+01 2.995165025887954746e-01 1.604170150983176557e-02
1.177570754183406088e+01 2.875755029384528538e-01 1.515049736520088924e-02
1.208955291908929475e+01 2.759173531928245104e-01 1.375163815229266465e-02
1.240428269719809684e+01 2.657996666128877861e-01 1.236106879662779781e-02
1.271746128436477186e+01 2.557211966807175219e-01 1.210676245607372054e-02
1.303167125942402471e+01 2.454727197691058960e-01 1.109391300867179284e-02
1.334628685448480212e+01 2.368981776043942722e-01 1.087056820871475440e-02
1.366211671570577835e+01 2.280652340775957687e-01 9.997786239545392029e-03
1.397764840042207979e+01 2.197674698849809427e-01 9.993196239563094385e-03
1.429183146157246576e+01 2.114977923062876519e-01 9.254745458030943020e-03
1.460438135697155637e+01 2.044744718364394365e-01 8.306657674399992725e-03
1.491724922219911242e+01 1.975360809645701488e-01 8.059622500335055298e-03
1.523191319703598623e+01 1.907345276649282939e-01 7.582613618840555389e-03
1.554639563501598509e+01 1.846659902673835063e-01 7.136782229737809007e-03
1.586084085809198996e+01 1.781645669110309971e-01 6.893091252327818858e-03
1.617593783972211341e+01 1.724864437043099885e-01 6.786458802356203600e-03
1.649084108775197777e+01 1.671082263424107373e-01 6.178004359621127976e-03
1.680588214728578222e+01 1.619406667844563719e-01 6.097314656591347644e-03
1.711850187854636829e+01 1.569353398337073879e-01 5.784695425441990953e-03
1.743239096333134697e+01 1.520031177130586608e-01 5.891024664329275531e-03
1.774705807205658914e+01 1.472483719029271665e-01 5.459447395971365156e-03
1.805958467710519955e+01 1.428795622745109573e-01 5.435773041854825675e-03
1.837383544781786071e+01 1.388728297962084079e-01 4.957394877685583449e-03
1.868823897638795373e+01 1.348238706925987684e-01 4.993803533673557386e-03
1.900327015737565972e+01 1.307284451031092976e-01 4.408750202401627918e-03
1.931769930629911514e+01 1.269511180158399422e-01 4.353453011158713026e-03
1.963070090682224844e+01 1.235507098451655850e-01 4.095741246665255027e-03
1.994632250160967146e+01 1.202361517480523001e-01 4.283796881006557075e-03
2.026036622288414080e+01 1.170121964888738292e-01 3.940553924461233544e-03
2.057458238785238436e+01 1.138324704619886052e-01 3.845598267326373262e-03
2.088907136058245584e+01 1.107562040991783292e-01 3.710214290556700534e-03
2.120200324362565425e+01 1.080345270422000681e-01 3.702313509757344454e-03
2.151712845135095975e+01 1.052072088249202952e-01 3.403500858505001305e-03
2.183179280127812660e+01 1.025106891236054890e-01 3.276103584890490035e-03
2.214498091610381536e+01 9.990257935590016181e-02 3.180629651870091248e-03
2.245817209264929559e+01 9.746323236454948469e-02 3.102677110865136815e-03
2.277207073127366144e+01 9.508833784608819450e-02 2.885040013115557425e-03
2.308817235150528901e+01 9.280171962070990488e-02 2.785851374586681330e-03
2.340322121011855216e+01 9.057746501068819622e-02 2.609139149641581581e-03
2.371742621382182747e+01 8.850295266104529768e-02 2.569709709588818142e-03
2.403178068407699897e+01 8.633258001727922570e-02 2.522763343476942116e-03
2.434509629194348435e+01 8.435767733292182102e-02 2.517475865041418192e-03
2.465848549799978073e+01 8.246344062000254826e-02 2.280387416206223605e-03
2.497253373572267776e+01 8.074144795906093575e-02 2.300024196502914106e-03
2.528579525667710470e+01 7.899129550323463755e-02 2.169532692984331001e-03
2.559961998134047434e+01 7.723158621081938069e-02 2.156174957520950401e-03
2.591563048884203013e+01 7.553419430443150673e-02 2.088217038001352784e-03
2.623044819014549844e+01 7.393957690044261621e-02 1.996486477167223276e-03
2.654378654241668301e+01 7.233751192630145932e-02 1.994434864126072137e-03
2.685786763973363023e+01 7.083032170400375971e-02 1.913343946723755889e-03
2.717289781891895828e+01 6.939189753583080433e-02 1.871068620571192777e-03
2.748715326196108677e+01 6.793009470088089141e-02 1.742817604476062108e-03
2.779968713750889009e+01 6.659601420340641176e-02 1.683964565847769065e-03
2.811427338304828538e+01 6.525181734616262996e-02 1.618086453262337302e-03
2.843005768613632966e+01 6.386178021172761454e-02 1.620112313352246002e-03
2.874402294711039474e+01 6.260114308382180859e-02 1.575169798402042357e-03
2.905775105170279815e+01 6.134543179429041704e-02 1.559851727135616812e-03
2.937197248330484101e+01 6.018586343114978171e-02 1.493719280910363453e-03
2.968588110148449744e+01 5.904990141957121297e-02 1.465210903019273500e-03
2.999985977396841008e+01 5.791609615148152895e-02 1.402950606142273991e-03
3.031339557562138509e+01 5.680118593962220352e-02 1.390022839367700000e-03
3.062734788222267213e+01 5.572125602663900723e-02 1.335770497565570572e-03
3.094238866520757369e+01 5.469722148665372152e-02 1.336619979997858733e-03
3.125655283718949562e+01 5.377151408843045682e-02 1.254333763448396352e-03
3.157013725191605147e+01 5.277509414128609549e-02 1.273143724517190834e-03
3.188501781366027643e+01 5.183321985757939621e-02 1.256278593695152280e-03
3.219928891657278314e+01 5.094124269164642532e-02 1.222530682206042192e-03
3.251342708583055696e+01 5.004025207582640800e-02 1.183538159498636992e-03
3.282793058849519241e+01 4.918523664328558476e-02 1.154418774160524902e-03
3.314184641179626567e+01 4.832635606279769847e-02 1.107657176690081792e-03
3.345592722481097070e+01 4.750670171015351079e-02 1.087281596656610675e-03
3.377035099287802922e+01 4.668941622397482921e-02 1.065614285554947411e-03
3.408417757296601991e+01 4.592690153684995946e-02 1.058946815921168365e-03
3.439796266930849100e+01 4.517140729689137629e-02 1.046196204205833771e-03
3.471172158519765816e+01 4.443652621523235674e-02 9.924235445029736154e-04
3.502587701217368732e+01 4.372204394191848281e-02 9.936181292911085670e-04
3.534062478304358734e+01 4.306218540226582070e-02 9.775847344103906662e-04
3.565509504837460497e+01 4.234852780096091257e-02 9.658163650503642696e-04
3.596959125585713224e+01 4.168009773817245300e-02 9.605599569457528263e-04
3.628416903799056570e+01 4.103075398527934736e-02 9.068541885699493840e-04
3.659826341354674639e+01 4.038558483831002077e-02 8.575507036116557019e-04
3.691253995242461627e+01 3.976885996903312126e-02 8.316251836935617796e-04
3.722632921057968503e+01 3.918709640470788985e-02 8.788498923972841220e-04
3.753935550971355894e+01 3.861148287543818974e-02 8.346591498552216213e-04
3.785379232658022630e+01 3.802352089200096430e-02 8.030285323846116661e-04
3.816820616800478660e+01 3.747568520506078249e-02 7.999900361753677037e-04
3.848231479931133237e+01 3.694042367645657826e-02 7.674172201653484647e-04
3.879697432587706629e+01 3.637069572046170568e-02 7.664888854023253068e-04
3.911164570994792911e+01 3.586685477100140518e-02 7.371066852522141976e-04
3.942657468260119913e+01 3.535399915566522777e-02 7.452448352999714934e-04
3.973948283489760769e+01 3.487496547136557934e-02 7.446753310848649087e-04
4.005245548296176850e+01 3.436903341119850602e-02 7.242933432310005729e-04
4.036682030863680382e+01 3.389832119973053975e-02 7.167970912240454904e-04
4.068114744186932796e+01 3.342667229079644697e-02 6.794904201404957864e-04
4.099576499480517811e+01 3.298851650856830797e-02 6.694906736079411433e-04
4.130976318196394459e+01 3.252117559743621794e-02 6.483219623181706677e-04
4.162448535040202557e+01 3.211112899177202828e-02 6.562716480454268289e-04
4.193979654605389129e+01 3.167791609300010108e-02 6.523114109948822611e-04
4.225317319851522058e+01 3.128497907060524830e-02 6.392612889502191295e-04
4.256641433781323514e+01 3.084602216026068044e-02 6.383047439584084611e-04
4.288099131951004495e+01 3.042840356351395742e-02 6.110263757758781613e-04
4.319529238531207227e+01 3.002822441694199748e-02 6.215968255284376855e-04
4.350919372743798874e+01 2.964279921075652774e-02 6.206171476916512919e-04
4.382320548037633756e+01 2.926073725684048832e-02 6.073051776701063158e-04
4.413751936699867429e+01 2.889315217269028055e-02 5.894440175766325896e-04
4.445166384196934217e+01 2.851996372898436827e-02 5.770241063885990854e-04
4.476542123556563268e+01 2.816840747257190122e-02 5.811661121814266223e-04
4.507978260833547779e+01 2.783358334727016256e-02 5.498936006426850863e-04
4.539416664047413974e+01 2.748181913625396405e-02 5.373149819996354696e-04
4.570872053159931880e+01 2.714326647502119175e-02 5.654558855992374705e-04
4.602315408858807189e+01 2.682550818322351066e-02 5.290014297249487395e-04
4.633717207632355439e+01 2.651533931755900922e-02 5.328025920268775802e-04
4.665162098677463831e+01 2.619571863095964542e-02 5.350507488332100891e-04
4.696632892786939095e+01 2.589376615649785843e-02 5.162684391801119392e-04
4.727987405199097992e+01 2.558795136713660351e-02 5.043090182671357280e-04
4.759330009272585471e+01 2.529413018655417636e-02 5.004317461152993926e-04
4.790706627765919023e+01 2.500629632352642170e-02 4.999539684401498258e-04
4.822175472554553011e+01 2.471381130339423207e-02 4.655525598280398731e-04
4.853677816784124133e+01 2.443905950777853359e-02 4.767620328802438159e-04
4.885040384225014520e+01 2.416090857899264380e-02 4.775612789842206439e-04
4.916411662681706929e+01 2.389709658636850545e-02 4.688538172836345728e-04
4.947784845983336766e+01 2.362228506355844651e-02 4.548159807279237459e-04
4.979228150960553734e+01 2.336013381891754656e-02 4.503894968549618911e-04
5.010681053719186195e+01 2.310877467087524978e-02 4.533904324983897708e-04
5.042024126675676854e+01 2.287493126402393231e-02 4.430711193615264817e-04
5.073470749181217343e+01 2.261068748755403271e-02 4.246941682308121848e-04
5.104962777186486278e+01 2.237057115775952301e-02 4.350487121278895342e-04
5.136369902186972070e+01 2.214324505288061545e-02 4.120510934728196834e-04
5.167795909480086181e+01 2.190538638243217512e-02 4.206366455411382878e-04
5.199237786962974894e+01 2.166947653745689498e-02 4.074653909757958224e-04
5.230634874716525218e+01 2.145579737130746956e-02 4.165002336239630979e-04
5.262017184055142849e+01 2.122584108199455921e-02 4.036785549406896262e-04
5.293403523258043464e+01 2.100838672161336323e-02 3.919144936685788777e-04
5.324821665328946096e+01 2.079739014021441887e-02 3.948632329652296442e-04
5.356283887204177319e+01 2.059457982136427348e-02 3.810247001998772354e-04
5.387720244005389958e+01 2.038226520696760288e-02 3.728643151393466249e-04
5.419124100940217659e+01 2.019040186128884598e-02 3.789790194755037747e-04
5.450540119714083431e+01 1.998955489242566080e-02 3.786085003693380902e-04
5.481948329783215712e+01 1.979600963364850155e-02 3.678792826764246322e-04
5.513405660294207422e+01 1.961308111615439956e-02 3.773259238337154427e-04
5.544815237974399480e+01 1.941596068514726478e-02 3.705416326530828097e-04
5.576127142318796359e+01 1.922637651451646057e-02 3.606330957275165317e-04
5.607510638073839004e+01 1.905821467618523668e-02 3.512545399963706524e-04
5.638962869123960076e+01 1.887604457731380594e-02 3.493415912376433992e-04
5.670447763341914538e+01 1.869932102937546178e-02 3.417378570043332737e-04
5.701820248252029444e+01 1.852641063293944054e-02 3.447163666374384108e-04
5.733195901604897671e+01 1.835083373732097900e-02 3.416420205634610016e-04
5.764712064958249726e+01 1.818868744618039324e-02 3.333643667614641370e-04
5.796144533755393269e+01 1.802274913321419772e-02 3.362226629746440493e-04
5.827543609436339977e+01 1.786595798136866864e-02 3.356132634232246535e-04
5.858965381281051066e+01 1.771512032997444100e-02 3.353582601045083629e-04
5.890437181848294301e+01 1.754289007851175461e-02 3.246634360671475520e-04
5.921838271257634290e+01 1.739539964616622705e-02 3.265946669632530564e-04
5.953173211496333295e+01 1.724909662141320063e-02 3.192547261447859462e-04
5.984561044172004074e+01 1.710766419528110885e-02 3.158867190320186358e-04
6.016007886770730551e+01 1.695603741766549960e-02 3.167577582488650392e-04
6.047434222208529064e+01 1.681193808698832823e-02 3.142099010431208934e-04
6.078819510374049884e+01 1.667418080341696515e-02 3.054363014298895878e-04
6.110248775855733072e+01 1.653660488839793843e-02 3.025512473129583855e-04
6.141703083107434935e+01 1.641154561257685690e-02 3.039454548257862097e-04
6.173164932884664324e+01 1.628039766373416686e-02 3.041282392908446525e-04
6.204511235884282172e+01 1.616101769971531668e-02 3.068931857031705914e-04
6.235874195723437197e+01 1.602697726344197091e-02 3.057800653628653105e-04
6.267327299667211093e+01 1.590594103830040781e-02 2.989419694783733905e-04
6.298749759460891795e+01 1.578550742706886709e-02 2.896338716155760708e-04
6.330160715636269231e+01 1.566616794529141973e-02 2.858572020113784207e-04
6.361581442360031957e+01 1.555443783848786850e-02 2.867276135297371813e-04
6.393020775293106794e+01 1.544369367585707135e-02 2.932073598748578596e-04
6.424432944667968570e+01 1.532534845805362880e-02 2.919950947650117815e-04
6.455877100332915575e+01 1.521161694801188846e-02 2.846369697871438224e-04
6.487328631868861351e+01 1.510641906576385557e-02 2.823952066468701436e-04
6.518709135059721405e+01 1.500461386136637577e-02 2.831023376346519815e-04
6.550086614613807967e+01 1.489785221551422414e-02 2.805331945766394879e-04
6.581507238314434005e+01 1.479649261646779658e-02 2.871315532035529391e-04
6.612933801816515711e+01 1.470142562245266120e-02 2.833241259870778123e-04
6.644327462264372741e+01 1.460409743327241439e-02 2.787332909606470444e-04
6.675724024772777909e+01 1.450621858058328238e-02 2.831696938912844907e-04
6.707202581361374882e+01 1.441159750747903617e-02 2.766681859262064389e-04
6.738654342085472138e+01 1.432692341501760197e-02 2.770047843875249501e-04
6.770007949974387884e+01 1.424281657842553853e-02 2.772830910144550545e-04
6.801413046488892178e+01 1.416132670104888400e-02 2.746775958316868046e-04
6.832828432287988107e+01 1.407611473696829610e-02 2.741058964028814668e-04
6.864257492412163231e+01 1.399600553725484711e-02 2.738509572558389562e-04
6.895676864647008131e+01 1.392012876273909794e-02 2.742721051494816163e-04
6.927047835745285909e+01 1.384312039973032392e-02 2.707027364635658019e-04
6.958493206096495953e+01 1.377170928699115657e-02 2.731297207611120830e-04
6.989922257197353872e+01 1.370522287812131652e-02 2.730443223269073626e-04
7.021339417045909670e+01 1.362908862496675817e-02 2.740670228773686907e-04
7.052773897424346217e+01 1.356267055436177239e-02 2.717748411470170193e-04
7.084189167737326898e+01 1.349501335719907949e-02 2.692222015326361248e-04
7.115590885935685606e+01 1.343068425472711096e-02 2.696224429800389501e-04
7.146989005821200180e+01 1.337325850482819559e-02 2.681583158012636149e-04
7.178434609113935494e+01 1.332116599184630067e-02 2.719222956954900827e-04
7.209885608846497007e+01 1.325993311780106904e-02 2.681124866609026951e-04
7.241268339266662224e+01 1.321054121111038537e-02 2.634419908007423414e-04
7.272661744860863564e+01 1.316615597120430504e-02 2.655348647674309992e-04
7.304096595759399690e+01 1.311589684943651780e-02 2.607118642857179230e-04
7.335551822010131673e+01 1.307306588326398109e-02 2.632792468844954298e-04
7.366964544744810439e+01 1.302892779152245613e-02 2.611221589584792170e-04
7.398349826217994973e+01 1.299177590219524094e-02 2.601383811585300130e-04
7.429780723014216903e+01 1.295162977508828098e-02 2.599884538051731322e-04
7.461168053815575263e+01 1.291615625229411077e-02 2.552488285338058195e-04
7.492512351899900125e+01 1.288200381634290945e-02 2.563612399095788370e-04
7.523928760255913062e+01 1.285670470268019359e-02 2.590335281716766810e-04
7.555379959472880103e+01 1.283325299700949391e-02 2.638197631253012755e-04
7.586808174925810988e+01 1.280940179121137223e-02 2.595587979387573973e-04
7.618242854845652801e+01 1.278829826635447149e-02 2.608674748978619964e-04
7.649690178579460564e+01 1.276770037602146905e-02 2.564291211935248549e-04
7.681150884569460402e+01 1.275320715405774477e-02 2.612568305789868478e-04
7.712553593896940640e+01 1.274765779209608742e-02 2.632960968898358841e-04
7.743919815414901109e+01 1.273119520899506675e-02 2.625200372928183836e-04
7.775365348898256457e+01 1.272523235433105707e-02 2.623322995043946416e-04
7.806786624636168881e+01 1.272490339251709963e-02 2.668908705801144960e-04
7.838145605265704319e+01 1.272128937385924932e-02 2.633745953818610302e-04
7.869568487021912517e+01 1.273008932536258409e-02 2.631661509618226399e-04
7.901017726154370280e+01 1.272639066337172796e-02 2.645652289904011569e-04
7.932426967172689558e+01 1.274443844161161042e-02 2.669416440872925925e-04
7.963800071315027651e+01 1.276077401985230807e-02 2.634040835481358178e-04
7.995232181973354102e+01 1.277484667462359946e-02 2.693572904833582498e-04
8.026710683187394579e+01 1.280449634515292735e-02 2.708509654398865069e-04
8.058098841817748337e+01 1.278340131485879161e-02 2.686146370131419696e-04
8.089485841761938900e+01 1.272831601474935445e-02 2.705359743107253311e-04
8.120913542700235155e+01 1.266789184539043184e-02 2.681653734371073055e-04
8.152320399729813971e+01 1.260899402157710826e-02 2.714857275131542865e-04
8.183741234158418365e+01 1.255177586966470249e-02 2.651048825510256431e-04
8.215150691342314815e+01 1.249816089276378772e-02 2.635694075760495808e-04
8.246540403166144984e+01 1.244455567819338290e-02 2.601181238738891114e-04
8.277961243172062211e+01 1.238680340581005228e-02 2.642194256776557210e-04
8.309391379915852838e+01 1.233859688666340965e-02 2.626608839836323426e-04
8.340841199676388840e+01 1.228962743230733318e-02 2.613098853674565287e-04
8.372247805522263775e+01 1.223900791455235885e-02 2.578107671593198751e-04
8.403606928155355149e+01 1.219016194292998033e-02 2.611689956942719773e-04
8.435060771194061147e+01 1.214147163608261110e-02 2.598636978270577372e-04
8.466537403994669830e+01 1.208877283493230669e-02 2.637956224487332264e-04
8.497903215174325453e+01 1.204024076139669983e-02 2.611832732536210205e-04
8.529308967219921556e+01 1.200148762655054747e-02 2.614929861404710360e-04
8.560758620939661512e+01 1.195867376850727817e-02 2.601115465499358875e-04
8.592176930850853012e+01 1.190956162965766708e-02 2.597491758813811648e-04
8.623592234680224067e+01 1.186354369969084069e-02 2.604101340043264972e-04
8.654974592180241189e+01 1.182789119531668653e-02 2.634293107049176063e-04
8.686431801595330171e+01 1.178023283781589291e-02 2.628215533975810118e-04
8.717831512877299360e+01 1.174452728752002108e-02 2.597845275497845559e-04
8.749180038885013744e+01 1.170314499954510160e-02 2.622499848009613626e-04
8.780616393456979552e+01 1.167259497199086768e-02 2.620824403833597318e-04
8.812053080281283712e+01 1.163225899865639318e-02 2.578849935750906369e-04
8.843467894795254836e+01 1.160049762886078764e-02 2.616376166430496131e-04
8.874883741935526871e+01 1.156371548847331780e-02 2.600623840747208980e-04
8.906318108032054681e+01 1.152902069085690734e-02 2.627770024117489231e-04
8.937728738028999942e+01 1.150293871263475577e-02 2.594306078709018360e-04
8.969136461493712886e+01 1.147063292839286749e-02 2.612286796086222673e-04
9.000538608708266963e+01 1.143979783980139490e-02 2.611565365448854166e-04
9.031954569533935739e+01 1.141040078495310708e-02 2.608017198833512931e-04
9.063372571371668585e+01 1.137840004241537882e-02 2.603200026777868401e-04
9.094768176175277574e+01 1.135524669497338900e-02 2.635499612486369154e-04
9.126192514543302536e+01 1.133068684427345797e-02 2.643821938004725950e-04
9.157618431004050308e+01 1.129738925216359005e-02 2.657148547534404553e-04
9.189052044903290550e+01 1.127481541684204926e-02 2.677371174816176296e-04
9.220482130605392967e+01 1.125174129050444949e-02 2.693047133698167183e-04
9.251884607514890035e+01 1.123561041679057085e-02 2.719583597073563903e-04
9.283303729693140838e+01 1.120954982596877696e-02 2.693392436556480709e-04
9.314717990438124673e+01 1.119215354935569617e-02 2.714097374685726623e-04
9.346110245869820687e+01 1.117827842402778493e-02 2.720883753350280057e-04
9.377539067864897504e+01 1.116229931734971821e-02 2.743908400720350546e-04
9.408974975329175550e+01 1.114011186746499682e-02 2.736963571428751457e-04
9.440389065687497805e+01 1.113678500261511446e-02 2.687851848764890726e-04
9.471762225078724384e+01 1.111854031425299483e-02 2.691678496250179162e-04
9.503189844255133778e+01 1.110846014786166444e-02 2.747330476993864738e-04
9.534641686142936123e+01 1.109981023587623336e-02 2.743719278191720026e-04
9.566011079292637476e+01 1.108535493180656285e-02 2.761858045077234328e-04
9.597411172270480506e+01 1.108415196319984322e-02 2.778791102350126061e-04
9.628850528735904390e+01 1.106787746353088235e-02 2.819183106876717499e-04
9.660324551759315170e+01 1.107351856821117177e-02 2.831095604204836498e-04
9.691703557560205695e+01 1.105375752339017408e-02 2.811004452322375820e-04
9.723041430629675119e+01 1.106283200778814327e-02 2.823071995954244229e-04
9.754484307012232591e+01 1.106216010150448334e-02 2.863495787409292906e-04
9.785940598661414924e+01 1.105714162654301662e-02 2.837711389557205101e-04
9.817375460369085260e+01 1.105972130048557892e-02 2.860664444889450759e-04
9.848776640509666436e+01 1.105782558027180833e-02 2.849024673719728466e-04
9.880206887482727041e+01 1.106873904628425699e-02 2.903000480230262656e-04
9.911663016824624606e+01 1.107968122087140198e-02 2.896035081469633485e-04
9.943058596528010185e+01 1.109284951635016066e-02 2.950176431565805220e-04
9.974439643442121906e+01 1.108917492605599603e-02 2.916251412780624915e-04
1.000586520672233490e+02 1.111061921679833836e-02 2.996779672735574041e-04
1.003726311243779179e+02 1.112189049780574340e-02 2.997313277437062729e-04
1.006863609310031933e+02 1.112665342952237103e-02 2.981381170008532170e-04
1.010005540192626654e+02 1.115232999451016942e-02 2.937254011559446687e-04
1.013152026415403526e+02 1.116630394937193939e-02 3.025731597051284534e-04
1.016293679138634474e+02 1.119125781457561836e-02 3.108766096214926871e-04
1.019430501884507123e+02 1.121215437470184442e-02 3.125181381940469907e-04
1.022572449755250830e+02 1.122705087298712587e-02 3.121940518191789523e-04
1.025718418130836085e+02 1.125223957483336562e-02 3.181524659452182667e-04
1.028861911017171309e+02 1.128043934350214314e-02 3.224862103353635218e-04
1.032002231702024488e+02 1.130679172427424307e-02 3.250124979645774076e-04
1.035146392105253028e+02 1.134009469654247669e-02 3.250663449697505135e-04
1.038292359262971019e+02 1.135974695625600536e-02 3.290227192837745182e-04
1.041427121533907894e+02 1.140512425497815924e-02 3.314400390876912658e-04
1.044561295689368592e+02 1.142789618416988236e-02 3.333405199873971654e-04
1.047708650889197202e+02 1.147062933371724609e-02 3.339784517320654026e-04
1.050851522319120050e+02 1.150833350521870968e-02 3.396291770495800041e-04
1.053986366683002274e+02 1.154423094858350075e-02 3.465431551176900065e-04
1.057127898378478079e+02 1.158241809961695068e-02 3.470006116992085162e-04
1.060268944924848569e+02 1.161911728738576968e-02 3.481677660517242543e-04
1.063410375396088767e+02 1.168396872316521465e-02 3.595829206438567235e-04
1.066553351020730247e+02 1.170961885321092529e-02 3.514001332467256954e-04
1.069700059615547190e+02 1.176103635710735486e-02 3.660873930795312389e-04
1.072844699292986519e+02 1.180877564085138984e-02 3.693372485081090743e-04
1.075978948412114846e+02 1.184556085207723493e-02 3.660827903620991145e-04
1.079120166734675905e+02 1.191885194350147774e-02 3.770942817990644621e-04
1.082265240460195344e+02 1.194448445464832941e-02 3.812290271894332324e-04
1.085408584143816313e+02 1.201814206600758210e-02 3.834197326700057432e-04
1.088549564965246503e+02 1.207039082389393773e-02 3.889372153766084816e-04
1.091688370133313128e+02 1.209634374148114977e-02 3.928141116171876709e-04
1.094827263230301497e+02 1.219067310693193809e-02 3.995290217647052482e-04
1.097969070918947239e+02 1.218957723371044341e-02 4.023960700579172186e-04
1.101108614334973623e+02 1.229274695311556413e-02 4.105915133825970400e-04
1.104249250424424247e+02 1.226911479036576526e-02 3.993932984314364667e-04
1.107396862323123798e+02 1.235236866870097379e-02 4.015432099152552907e-04
1.110537909171902697e+02 1.237322786793792519e-02 4.105232403760737951e-04
1.113669060996339368e+02 1.239589997171700736e-02 4.193096984579284094e-04
1.116813961317518391e+02 1.245636481797080149e-02 4.302443824409520989e-04
1.119964394851646432e+02 1.243489046289186946e-02 4.225012836448471787e-04
1.123100421113602607e+02 1.250478747068984979e-02 4.281177275948589767e-04
1.126240536101794447e+02 1.245349805323377711e-02 4.271463028918946639e-04
1.129379966505166095e+02 1.244113646103082831e-02 4.314529814031638970e-04
1.132518883338644571e+02 1.243137514838173890e-02 4.231280952122079553e-04
1.135651955722218958e+02 1.238051784682096292e-02 4.363663333515415093e-04
1.138794864110013094e+02 1.232599245927239184e-02 4.359494305991502318e-04
1.141949152711211468e+02 1.229235356415895632e-02 4.338248353769652197e-04
1.145085006125939486e+02 1.228343284945424690e-02 4.436138916130092638e-04
1.148226787009071472e+02 1.229697196105117470e-02 4.544395804111848298e-04
1.151376864260383286e+02 1.226038429560692700e-02 4.619216847150656906e-04
1.154516629928821345e+02 1.228321155660020217e-02 4.660366071702165785e-04
1.157653370245882627e+02 1.230035313198089841e-02 4.760475207735736288e-04
1.160792451527899374e+02 1.230362614571984224e-02 4.710177534839750358e-04
1.163937924399171351e+02 1.232773690407415468e-02 4.819663412203272347e-04
1.167077718997228715e+02 1.235157259686383430e-02 4.805909005235071952e-04
1.170209684355608175e+02 1.238010145647216141e-02 4.798396491938976662e-04
1.173353550341486908e+02 1.240602411220190562e-02 4.878847634190909706e-04
1.176501645799607303e+02 1.242601507270928683e-02 4.879484574217388170e-04
1.179644947224674354e+02 1.248312150489500408e-02 4.918825021001443573e-04
1.182776938495577781e+02 1.251905093553691388e-02 5.073810285827433765e-04
1.185912892856654111e+02 1.255065877779833888e-02 5.005949967608810123e-04
1.189070451600216956e+02 1.260565884446154805e-02 5.049444674234419752e-04
1.192214046293417056e+02 1.265777905797975909e-02 5.114683018960355715e-04
1.195346291216650485e+02 1.271355353809725322e-02 5.230993242684335706e-04
1.198494069192820177e+02 1.275189891271838981e-02 5.271689991925629501e-04
1.201651774213734711e+02 1.282878039044167001e-02 5.492597053027779537e-04
1.204786536827043477e+02 1.289404113450982013e-02 5.484810112389373752e-04
1.207915400692489953e+02 1.294206211453764743e-02 5.640514462136691880e-04
1.211071928381454228e+02 1.300091215049935939e-02 5.585266805223998779e-04
1.214215028776850147e+02 1.309793506174884541e-02 5.596407579862076832e-04
1.217338884389058649e+02 1.318877018114272825e-02 5.755537186534501410e-04
1.220485106288860493e+02 1.325296252221388679e-02 6.059688961545095639e-04
1.223649490634236514e+02 1.333812795837197203e-02 5.939956746079571095e-04
1.226784559227979088e+02 1.343926722327178427e-02 5.852783333413309405e-04
1.229900019072183710e+02 1.355556483360321508e-02 6.217500020706743765e-04
1.233054617452374941e+02 1.360693162328020268e-02 6.250150746135200389e-04
1.236207153644814696e+02 1.369884251612236460e-02 6.243082643378831389e-04
1.239331775844842269e+02 1.386673187981536139e-02 6.463175518220306550e-04
1.242467158139630072e+02 1.396290090236449594e-02 6.332792883599492467e-04
1.245621415556689300e+02 1.403452136558737580e-02 6.554178340782417390e-04
1.248777688129184185e+02 1.418290414235822382e-02 6.718502457322888871e-04
1.251901895103835471e+02 1.433027650251124732e-02 6.916674079077614725e-04
1.255025226680442643e+02 1.443976075408883938e-02 6.895364702131524109e-04
1.258194076678557138e+02 1.456541029908798267e-02 6.549441376849314588e-04
1.261348474644680522e+02 1.470827791739020077e-02 6.942092179001099501e-04
1.264456058988723584e+02 1.489665837439117096e-02 7.065069656353831521e-04
1.267597475488652208e+02 1.500027631663487793e-02 7.334326798074870032e-04
1.270776507546071201e+02 1.520949553940101513e-02 7.281425708643349520e-04
1.273916799420037762e+02 1.536631331727539643e-02 7.360814943409443476e-04
1.277013863115962664e+02 1.555677902617841682e-02 7.537261870094521133e-04
1.280167859978632805e+02 1.571795953039760788e-02 7.532638954835331382e-04
1.283361908734028702e+02 1.592587013343915725e-02 7.865522525841850540e-04
1.286473756702684170e+02 1.614725997914795777e-02 7.981862480483375034e-04
1.289556262653206886e+02 1.635948273996252339e-02 8.003706288233658917e-04
1.292737748060940248e+02 1.657154236751827783e-02 8.240993994203414316e-04
1.295925097523526404e+02 1.679111801005953378e-02 8.601129462678646373e-04
1.299029660740884253e+02 1.706966296295103422e-02 8.839949524479742563e-04
1.302148579946444045e+02 1.725653918229046527e-02 9.007789700731141502e-04
1.305337248755816688e+02 1.751902592402139816e-02 9.605964765113586675e-04
1.308466417091605081e+02 1.781149069870705329e-02 8.971619510724212826e-04
1.311504272509779696e+02 1.810645310810073128e-02 9.433935372541334867e-04
1.314698765474287825e+02 1.835308168384969241e-02 9.589776627790530658e-04
1.317955287853964421e+02 1.867344341290382362e-02 9.152895861919748549e-04
1.321014893121398757e+02 1.897798315778794626e-02 9.940169572273005894e-04
1.324019756095517835e+02 1.933378354514335776e-02 1.106151388857629569e-03
1.327270481147153305e+02 1.964071398323147949e-02 1.086578024869251776e-03
1.330590141288029429e+02 1.997730139995231372e-02 1.075264961813480460e-03
1.333597573729420844e+02 2.036058735225855509e-02 1.104301161754979227e-03
1.336545450502629535e+02 2.066863326390954575e-02 1.120069229373880579e-03
1.339865882222744347e+02 2.107512948728254218e-02 1.234349778765820964e-03
1.343233465511614213e+02 2.151303065273060117e-02 1.162096204670811598e-03
1.346099178234919407e+02 2.197417136883451569e-02 1.191570745034304952e-03
1.348982338606730309e+02 2.242719244910992490e-02 1.339312614417134412e-03
1.352445969684641227e+02 2.293327196700607404e-02 1.388658159190573347e-03
1.355910131574484012e+02 2.338517734511388543e-02 1.429287524434984594e-03
1.358548951693456672e+02 2.384836577224929560e-02 1.588930595217258410e-03
1.361393223299698718e+02 2.442886955909773228e-02 1.603538569400824072e-03
1.364973923434689027e+02 2.509891233345921263e-02 1.766757389826831932e-03
1.368532643902742336e+02 2.564385170135244363e-02 1.911527413375241694e-03
1.371244101954353596e+02 2.606859840382141913e-02 2.232791377019880622e-03
1.373936659185979750e+02 2.678306588047657533e-02 2.068804283846390878e-03
1.377521569172451166e+02 2.708964484261723593e-02 2.502723463646923472e-03
1.381099672185708016e+02 2.834084979545289582e-02 2.959224031729442306e-03
1.383946394093705123e+02 2.874228363628729063e-02 4.782389319098525986e-03
1.386415991234134992e+02 3.045866964355514739e-02 4.101783210358055098e-03
1.389827905860589681e+02 3.039381083958452717e-02 8.135646581222746865e-03
1.392997911731879128e+02 2.885919726679568587e-02 3.572030992199073246e-02
