4.449820612348476812e-01 2.960100075560950117e+01 8.003146685250390746e+00
7.539561082532788561e-01 1.019610825432584811e+01 1.887138473725448184e+00
1.072395093228418306e+00 4.965018268234202559e+00 6.039113732584383554e-01
1.391830388244638339e+00 3.076481927465970490e+00 4.274529541013123435e-01
1.717549892901705233e+00 2.075227975207950326e+00 2.632042475478317267e-01
2.023943380712872830e+00 1.544797558276560734e+00 2.161260187169742053e-01
2.338358341787839745e+00 1.198199051405403504e+00 1.591278477074141440e-01
2.654112550882975707e+00 9.774791376303443302e-01 1.413223141009871675e-01
2.972681220470295038e+00 8.192621119858810586e-01 1.208150897265006796e-01
3.288112407294395911e+00 6.946736718082761053e-01 1.124694956761509851e-01
3.598316453349367894e+00 6.029302770489962660e-01 1.016469321899484968e-01
3.913930457844173816e+00 5.334043119455255111e-01 9.085492048173832158e-02
4.235199472917269503e+00 4.761977563639459010e-01 8.317348573894077501e-02
4.548427310263685186e+00 4.256284131735245668e-01 7.468249447393715545e-02
4.860394888415106252e+00 3.899280861907445939e-01 6.924048342044265836e-02
5.173815194796832273e+00 3.539001471983628799e-01 6.510216243126240587e-02
5.487882221272795569e+00 3.287505982460395271e-01 6.179057285699121604e-02
5.802715423900465908e+00 3.073845636776949553e-01 5.974793929175968576e-02
6.118348332687426172e+00 2.850711198371220223e-01 5.530763470902087808e-02
6.434086315451469140e+00 2.683499775355545069e-01 5.205700043454444814e-02
6.747504008320403202e+00 2.523955690437009736e-01 4.938977103079382480e-02
7.059747794210737837e+00 2.373525283525997065e-01 4.533780158389143222e-02
7.375667878737341532e+00 2.236622013547802101e-01 4.159156133446874348e-02
7.689325371261341857e+00 2.113506158857117179e-01 4.031573902347108246e-02
8.003287720255551463e+00 2.006325750933572460e-01 3.771997526761243502e-02
8.319955843435401732e+00 1.914029980463913816e-01 3.549765614171853517e-02
8.635978228882212449e+00 1.822107527286266904e-01 3.358438323909221368e-02
8.948826066885422037e+00 1.742761346300852887e-01 3.224462137513959409e-02
9.261768453239259458e+00 1.669112943964980722e-01 2.991156479067597768e-02
9.574033936705786729e+00 1.587962360208577672e-01 2.825555517462116639e-02
9.889449343257677327e+00 1.520696236651514210e-01 2.634716455911512503e-02
1.020468867723862161e+01 1.459804680302072555e-01 2.499117538770153843e-02
1.051969651304922948e+01 1.406439690406510734e-01 2.377857857270999561e-02
1.083454854911150811e+01 1.355740754896474776e-01 2.311936323856434577e-02
1.114850140608075968e+01 1.304997465002115664e-01 2.150368259938539167e-02
1.146310013543170925e+01 1.257509691320337630e-01 2.028356108902645838e-02
1.177570754183406088e+01 1.210305174706275411e-01 1.951214274831497911e-02
1.208955291908929475e+01 1.169052856785097877e-01 1.822793065284823363e-02
1.240428269719809684e+01 1.129396140344949423e-01 1.737017008879140900e-02
1.271746128436477186e+01 1.089050488021446328e-01 1.639057665876516787e-02
1.303167125942402471e+01 1.052716166030759487e-01 1.557299150022034735e-02
1.334628685448480212e+01 1.021895316040221519e-01 1.472856390875983829e-02
1.366211671570577835e+01 9.872961734343917162e-02 1.379543417515950200e-02
1.397764840042207979e+01 9.574557491147420163e-02 1.320657725062759046e-02
1.429183146157246576e+01 9.256039540585132841e-02 1.262920917515189187e-02
1.460438135697155637e+01 8.995713601810224891e-02 1.207830105408692033e-02
1.491724922219911242e+01 8.721715190081426317e-02 1.142157577088604228e-02
1.523191319703598623e+01 8.468247442289450477e-02 1.106787287364299592e-02
1.554639563501598509e+01 8.250443355885597740e-02 1.077384797483591644e-02
1.586084085809198996e+01 7.998510124314239800e-02 1.031073289169092029e-02
1.617593783972211341e+01 7.777466677487641922e-02 9.745690600143248894e-03
1.649084108775197777e+01 7.542992611359011779e-02 9.373908459735832976e-03
1.680588214728578222e+01 7.338994082291103171e-02 9.131046712540882501e-03
1.711850187854636829e+01 7.135462973389755659e-02 8.542041206703595430e-03
1.743239096333134697e+01 6.947223712902904358e-02 8.222045645335821981e-03
1.774705807205658914e+01 6.746254804050293152e-02 7.954993288878815447e-03
1.805958467710519955e+01 6.576953152604719799e-02 7.519626848133376638e-03
1.837383544781786071e+01 6.409308864197341138e-02 7.104056122230745576e-03
1.868823897638795373e+01 6.239458327130237292e-02 6.998207540889946759e-03
1.900327015737565972e+01 6.087741565486320255e-02 6.606777803929303645e-03
1.931769930629911514e+01 5.925226935109861176e-02 6.516695369376549613e-03
1.963070090682224844e+01 5.783392721670441855e-02 6.242521730719209974e-03
1.994632250160967146e+01 5.638725987537701601e-02 6.054513372718409170e-03
2.026036622288414080e+01 5.509892129114818404e-02 5.815426019013948677e-03
2.057458238785238436e+01 5.372035259058793172e-02 5.615132087336013531e-03
2.088907136058245584e+01 5.245371491821646664e-02 5.478279043323932077e-03
2.120200324362565425e+01 5.121036055097428347e-02 5.217021607192963081e-03
2.151712845135095975e+01 4.999924444598182610e-02 4.997700436962187673e-03
2.183179280127812660e+01 4.884234966891226604e-02 4.968777906738238055e-03
2.214498091610381536e+01 4.774226692996341032e-02 4.763702714792802939e-03
2.245817209264929559e+01 4.671811138826296311e-02 4.566070750520664044e-03
2.277207073127366144e+01 4.568134362083487582e-02 4.414658041476397961e-03
2.308817235150528901e+01 4.466719461979039990e-02 4.297147580573465464e-03
2.340322121011855216e+01 4.370173825911621845e-02 4.135908015528486255e-03
2.371742621382182747e+01 4.272299448573996933e-02 4.013666554054374364e-03
2.403178068407699897e+01 4.178962053718335984e-02 3.893670148928776980e-03
2.434509629194348435e+01 4.087410515685088730e-02 3.688891187573755705e-03
2.465848549799978073e+01 3.998084686890523987e-02 3.699869289609475451e-03
2.497253373572267776e+01 3.916637026998873172e-02 3.547872939221195267e-03
2.528579525667710470e+01 3.839610563914540309e-02 3.441529626839065058e-03
2.559961998134047434e+01 3.761351854899183667e-02 3.352985132470611470e-03
2.591563048884203013e+01 3.684348678229594498e-02 3.275051459104887097e-03
2.623044819014549844e+01 3.609591322613468073e-02 3.192209276406847603e-03
2.654378654241668301e+01 3.538088049279698027e-02 3.055404062521447067e-03
2.685786763973363023e+01 3.473072223815758253e-02 2.945576791955245403e-03
2.717289781891895828e+01 3.401248770331916083e-02 2.870837420645184265e-03
2.748715326196108677e+01 3.333333377224217964e-02 2.812718763360969130e-03
2.779968713750889009e+01 3.269423626720819459e-02 2.672339589844396554e-03
2.811427338304828538e+01 3.206228333514251488e-02 2.611618406207597085e-03
2.843005768613632966e+01 3.145701009073881282e-02 2.583386887609298577e-03
2.874402294711039474e+01 3.091940377271778714e-02 2.498444177001615460e-03
2.905775105170279815e+01 3.033746365558531721e-02 2.456741544562227476e-03
2.937197248330484101e+01 2.980154836983804276e-02 2.406922186411730811e-03
2.968588110148449744e+01 2.925910366653143926e-02 2.337157213364827405e-03
2.999985977396841008e+01 2.873954710792087780e-02 2.261868446511992089e-03
3.031339557562138509e+01 2.824125744595569129e-02 2.206990838034101569e-03
3.062734788222267213e+01 2.775855859342051327e-02 2.152782583843766522e-03
3.094238866520757369e+01 2.727619762368306208e-02 2.075405469708395227e-03
3.125655283718949562e+01 2.680614874205334078e-02 2.035277933918474506e-03
3.157013725191605147e+01 2.635865777423134632e-02 2.004855349446587817e-03
3.188501781366027643e+01 2.591883313397519081e-02 1.989254663570934507e-03
3.219928891657278314e+01 2.547116974661994132e-02 1.951361976903928609e-03
3.251342708583055696e+01 2.506770616959108286e-02 1.889983287716673647e-03
3.282793058849519241e+01 2.462741273860390157e-02 1.846843319379604499e-03
3.314184641179626567e+01 2.421970166316931433e-02 1.827977685125127798e-03
3.345592722481097070e+01 2.385236831049729680e-02 1.777901762925558583e-03
3.377035099287802922e+01 2.344637617695810236e-02 1.742864470675636922e-03
3.408417757296601991e+01 2.305358581325612707e-02 1.683896430430493812e-03
3.439796266930849100e+01 2.271064472007567128e-02 1.662493809114814342e-03
3.471172158519765816e+01 2.233837024037508417e-02 1.619131910798445560e-03
3.502587701217368732e+01 2.199851068979579230e-02 1.600611685317274982e-03
3.534062478304358734e+01 2.165481147098025083e-02 1.544303748674576452e-03
3.565509504837460497e+01 2.134875110815505350e-02 1.528779477350179642e-03
3.596959125585713224e+01 2.102360753010640987e-02 1.497270826668581009e-03
3.628416903799056570e+01 2.069010804412294707e-02 1.478176032548573094e-03
3.659826341354674639e+01 2.040595899355410192e-02 1.451764117942429180e-03
3.691253995242461627e+01 2.010509820898720781e-02 1.422156161431162432e-03
3.722632921057968503e+01 1.981424701840218960e-02 1.392959179837236936e-03
3.753935550971355894e+01 1.954583616505017191e-02 1.358419379671272319e-03
3.785379232658022630e+01 1.928139342962327876e-02 1.342402217521778286e-03
3.816820616800478660e+01 1.900419392661406581e-02 1.324418303285026166e-03
3.848231479931133237e+01 1.873619709389898885e-02 1.288226621181815142e-03
3.879697432587706629e+01 1.847182636947814621e-02 1.258181215434668945e-03
3.911164570994792911e+01 1.819991946871163738e-02 1.234821995651455475e-03
3.942657468260119913e+01 1.796150854556438983e-02 1.215775915989997496e-03
3.973948283489760769e+01 1.771921025521487961e-02 1.199850069401036919e-03
4.005245548296176850e+01 1.748207978545366845e-02 1.186041265295600900e-03
4.036682030863680382e+01 1.725180174413906350e-02 1.161900176401851458e-03
4.068114744186932796e+01 1.701992466383280000e-02 1.150071392813047403e-03
4.099576499480517811e+01 1.679450814674273568e-02 1.123626063668691595e-03
4.130976318196394459e+01 1.658974366783243920e-02 1.107343665152157961e-03
4.162448535040202557e+01 1.636140003701317194e-02 1.088810716703370431e-03
4.193979654605389129e+01 1.616801754713386927e-02 1.068491364830332800e-03
4.225317319851522058e+01 1.595957977196837962e-02 1.052032143077020554e-03
4.256641433781323514e+01 1.576135360083196976e-02 1.032030687467200324e-03
4.288099131951004495e+01 1.556549975915875843e-02 1.006298791452563297e-03
4.319529238531207227e+01 1.537736950787570687e-02 9.943751178712453495e-04
4.350919372743798874e+01 1.518653952647641865e-02 9.850445950312775294e-04
4.382320548037633756e+01 1.499226287561650738e-02 9.659612432936629835e-04
4.413751936699867429e+01 1.480683930440730885e-02 9.516147126692059161e-04
4.445166384196934217e+01 1.465413364554909829e-02 9.353594758886992974e-04
4.476542123556563268e+01 1.448080257420792522e-02 9.311916389634647623e-04
4.507978260833547779e+01 1.430226233865501857e-02 9.113015519939313526e-04
4.539416664047413974e+01 1.412470464925979011e-02 8.837712175211323920e-04
4.570872053159931880e+01 1.396458459196125816e-02 8.818948914393635527e-04
4.602315408858807189e+01 1.380352290744946836e-02 8.731919149671217573e-04
4.633717207632355439e+01 1.364502700684633307e-02 8.394765413038613507e-04
4.665162098677463831e+01 1.347635417492299391e-02 8.222542692281969382e-04
4.696632892786939095e+01 1.333844260818362916e-02 8.069077478408827981e-04
4.727987405199097992e+01 1.317463111646142299e-02 8.174325204071396797e-04
4.759330009272585471e+01 1.303333178682544030e-02 8.081790870545882714e-04
4.790706627765919023e+01 1.288082960364413457e-02 7.865511667417660361e-04
4.822175472554553011e+01 1.273811487997788920e-02 7.860632657421590033e-04
4.853677816784124133e+01 1.259196490045304088e-02 7.577346233352760070e-04
4.885040384225014520e+01 1.247136104398425920e-02 7.600661333823235206e-04
4.916411662681706929e+01 1.232632361435746782e-02 7.388986102512237796e-04
4.947784845983336766e+01 1.220029900799082107e-02 7.252263104895722429e-04
4.979228150960553734e+01 1.206704606799397471e-02 7.195485676738661148e-04
5.010681053719186195e+01 1.193308813086736871e-02 7.139061776877316532e-04
5.042024126675676854e+01 1.182002575100362871e-02 7.103479803776145468e-04
5.073470749181217343e+01 1.170020380917155198e-02 6.995727829641545329e-04
5.104962777186486278e+01 1.157523293342837406e-02 6.785064378250389716e-04
5.136369902186972070e+01 1.145759861267202015e-02 6.718263861299959665e-04
5.167795909480086181e+01 1.135122064028539109e-02 6.643525515497327501e-04
5.199237786962974894e+01 1.123098008725215147e-02 6.539303997037175476e-04
5.230634874716525218e+01 1.112866147174449913e-02 6.485953446958625307e-04
5.262017184055142849e+01 1.101493375676709623e-02 6.481988992541250520e-04
5.293403523258043464e+01 1.090425842976306889e-02 6.319103648989017434e-04
5.324821665328946096e+01 1.079232468199057930e-02 6.289162515810880821e-04
5.356283887204177319e+01 1.068955672138246354e-02 6.149598426822176171e-04
5.387720244005389958e+01 1.058788372253577879e-02 6.125613648852353812e-04
5.419124100940217659e+01 1.049214592297215316e-02 5.991221689744820854e-04
5.450540119714083431e+01 1.039567947788474882e-02 5.924362281939405273e-04
5.481948329783215712e+01 1.029671351427596283e-02 5.917418861183794225e-04
5.513405660294207422e+01 1.019472680902788579e-02 5.813236950714309849e-04
5.544815237974399480e+01 1.009987582183423035e-02 5.755389351640024468e-04
5.576127142318796359e+01 1.001195061218156969e-02 5.625784412140491216e-04
5.607510638073839004e+01 9.926320634615806715e-03 5.588988307195211138e-04
5.638962869123960076e+01 9.837157847766109936e-03 5.545829208499861857e-04
5.670447763341914538e+01 9.743333566757220870e-03 5.398101487769915371e-04
5.701820248252029444e+01 9.660057121508726363e-03 5.445676696968982300e-04
5.733195901604897671e+01 9.580352089580662645e-03 5.341626110885481712e-04
5.764712064958249726e+01 9.493517349566941294e-03 5.318454329122009614e-04
5.796144533755393269e+01 9.417489615612024273e-03 5.217745908254290766e-04
5.827543609436339977e+01 9.329321237188896790e-03 5.142026851583441846e-04
5.858965381281051066e+01 9.250668178667452446e-03 5.067048902910548189e-04
5.890437181848294301e+01 9.166741964558315983e-03 5.056361058709545357e-04
5.921838271257634290e+01 9.095388143427120264e-03 5.030822347273379005e-04
5.953173211496333295e+01 9.024254743807226531e-03 4.945187065054124391e-04
5.984561044172004074e+01 8.952196073187593944e-03 4.894485462638052068e-04
6.016007886770730551e+01 8.879920538154751145e-03 4.853507247167787825e-04
6.047434222208529064e+01 8.808254936668806490e-03 4.793887742132297929e-04
6.078819510374049884e+01 8.740605817129909125e-03 4.726022349594362652e-04
6.110248775855733072e+01 8.671677651969900841e-03 4.680182612278442102e-04
6.141703083107434935e+01 8.602840553113886776e-03 4.634507928446386996e-04
6.173164932884664324e+01 8.540794367034299645e-03 4.525543341604609435e-04
6.204511235884282172e+01 8.473811497465183126e-03 4.535637792895452552e-04
6.235874195723437197e+01 8.407770437654348700e-03 4.398376578686816196e-04
6.267327299667211093e+01 8.347104818841327364e-03 4.374462204794425635e-04
6.298749759460891795e+01 8.287549593700215683e-03 4.343741049340221500e-04
6.330160715636269231e+01 8.233416519300646233e-03 4.291822613418817952e-04
6.361581442360031957e+01 8.169682339889456149e-03 4.262801132291379439e-04
6.393020775293106794e+01 8.111477999017600166e-03 4.223312127695253793e-04
6.424432944667968570e+01 8.056692509382713807e-03 4.172380164274304935e-04
6.455877100332915575e+01 7.999624326688818676e-03 4.159964222275034144e-04
6.487328631868861351e+01 7.944635445701482904e-03 4.101960363746743102e-04
6.518709135059721405e+01 7.891086215931250591e-03 4.043194095335242151e-04
6.550086614613807967e+01 7.840447848456643873e-03 4.059651491720139816e-04
6.581507238314434005e+01 7.791132652842949931e-03 4.026561855285224921e-04
6.612933801816515711e+01 7.742916439887044186e-03 4.027778128012713256e-04
6.644327462264372741e+01 7.697470849713992404e-03 3.956112805366963350e-04
6.675724024772777909e+01 7.648648853638953006e-03 3.928745658035100348e-04
6.707202581361374882e+01 7.600691374978763015e-03 3.900637485181993633e-04
6.738654342085472138e+01 7.555275018891131032e-03 3.882004928947797905e-04
6.770007949974387884e+01 7.518229333056966959e-03 3.813805179475789888e-04
6.801413046488892178e+01 7.480506349041431656e-03 3.789742722441136126e-04
6.832828432287988107e+01 7.431320938124029787e-03 3.788227538165384457e-04
6.864257492412163231e+01 7.392430029963695769e-03 3.737452694309545778e-04
6.895676864647008131e+01 7.353626661686611145e-03 3.710125524059136462e-04
6.927047835745285909e+01 7.317419228882742106e-03 3.679308131818867728e-04
6.958493206096495953e+01 7.284048539905957180e-03 3.600200072750011976e-04
6.989922257197353872e+01 7.244910088843358256e-03 3.598218492922733045e-04
7.021339417045909670e+01 7.215293789100919383e-03 3.605690390152200197e-04
7.052773897424346217e+01 7.175688449818040833e-03 3.613217524259353108e-04
7.084189167737326898e+01 7.145221486782676878e-03 3.559355572738910818e-04
7.115590885935685606e+01 7.117862321618526923e-03 3.548126555369558038e-04
7.146989005821200180e+01 7.087049506916165073e-03 3.528842099255130398e-04
7.178434609113935494e+01 7.061961908155866760e-03 3.511948597603263404e-04
7.209885608846497007e+01 7.031086655053551092e-03 3.510520428989592052e-04
7.241268339266662224e+01 7.008794810327159154e-03 3.499144144993040725e-04
7.272661744860863564e+01 6.983029396777491044e-03 3.482908707714385847e-04
7.304096595759399690e+01 6.959431868563252868e-03 3.428620825440945909e-04
7.335551822010131673e+01 6.937234675054487591e-03 3.415732093648776659e-04
7.366964544744810439e+01 6.919744491415706980e-03 3.393219558682367349e-04
7.398349826217994973e+01 6.903860958125191544e-03 3.378007164479711788e-04
7.429780723014216903e+01 6.879593633438494185e-03 3.399228104816831662e-04
7.461168053815575263e+01 6.863244233690438643e-03 3.369387501750291435e-04
7.492512351899900125e+01 6.848619623808351563e-03 3.363227414233735521e-04
7.523928760255913062e+01 6.836541252688378700e-03 3.351985111051962907e-04
7.555379959472880103e+01 6.821892514785718800e-03 3.309570221042604211e-04
7.586808174925810988e+01 6.814345548407296435e-03 3.344836452821299782e-04
7.618242854845652801e+01 6.800608436788679531e-03 3.334119418023803153e-04
7.649690178579460564e+01 6.795405146952446761e-03 3.327645799861863435e-04
7.681150884569460402e+01 6.787586476985133649e-03 3.311561651642728143e-04
7.712553593896940640e+01 6.786490671026894697e-03 3.318930792222294594e-04
7.743919815414901109e+01 6.781137875760515771e-03 3.293776270516897615e-04
7.775365348898256457e+01 6.780773142479432254e-03 3.327092343634506185e-04
7.806786624636168881e+01 6.778525698793557396e-03 3.286880438905331837e-04
7.838145605265704319e+01 6.782488043743991647e-03 3.288133413565077958e-04
7.869568487021912517e+01 6.787152203578217073e-03 3.260868520010605314e-04
7.901017726154370280e+01 6.792790305840365125e-03 3.269814842752320088e-04
7.932426967172689558e+01 6.801755736297877310e-03 3.301422368392194174e-04
7.963800071315027651e+01 6.809137452653477897e-03 3.237373706727299716e-04
7.995232181973354102e+01 6.823789663695507650e-03 3.299416688155804370e-04
8.026710683187394579e+01 6.837001597376800473e-03 3.273571439281090312e-04
8.058098841817748337e+01 6.822285370455153514e-03 3.274733817972751105e-04
8.089485841761938900e+01 6.795337390695699135e-03 3.246329131026531043e-04
8.120913542700235155e+01 6.761873309222371509e-03 3.234570429577423201e-04
8.152320399729813971e+01 6.734407529537446424e-03 3.194361757860840760e-04
8.183741234158418365e+01 6.703742611610044241e-03 3.211653574599159346e-04
8.215150691342314815e+01 6.676432707798756611e-03 3.169776954233306538e-04
8.246540403166144984e+01 6.646926269540252147e-03 3.174009998942288469e-04
8.277961243172062211e+01 6.620836394277098552e-03 3.162993883603268364e-04
8.309391379915852838e+01 6.596577687059957708e-03 3.171740833435117619e-04
8.340841199676388840e+01 6.566943247566831184e-03 3.118142113692144962e-04
8.372247805522263775e+01 6.539618295808682751e-03 3.122743822428744771e-04
8.403606928155355149e+01 6.515498374558516791e-03 3.081450819811003597e-04
8.435060771194061147e+01 6.488959678355113274e-03 3.114560752573888565e-04
8.466537403994669830e+01 6.464918578390385986e-03 3.079726030987913377e-04
8.497903215174325453e+01 6.440198040000922122e-03 3.084847180765259034e-04
8.529308967219921556e+01 6.419398391128273637e-03 3.007377144369443147e-04
8.560758620939661512e+01 6.397840011808831814e-03 3.051769653725599878e-04
8.592176930850853012e+01 6.372055188144918648e-03 3.045434893237135483e-04
8.623592234680224067e+01 6.349661606580632445e-03 3.030506195392519524e-04
8.654974592180241189e+01 6.331726596869880104e-03 2.989113581868116571e-04
8.686431801595330171e+01 6.309983408246309065e-03 2.978088020360112730e-04
8.717831512877299360e+01 6.295311483567045396e-03 2.959766710231623689e-04
8.749180038885013744e+01 6.271227055971316001e-03 2.942965977086977919e-04
8.780616393456979552e+01 6.253939236087372767e-03 2.950218178083327384e-04
8.812053080281283712e+01 6.238934467520098823e-03 2.981577532085134753e-04
8.843467894795254836e+01 6.217121027095252189e-03 2.943797564250071530e-04
8.874883741935526871e+01 6.199180988836265789e-03 2.911400892996880404e-04
8.906318108032054681e+01 6.176686177718319903e-03 2.899525021788393157e-04
8.937728738028999942e+01 6.167211259374088747e-03 2.887698814400377931e-04
8.969136461493712886e+01 6.151804070060395285e-03 2.859101593765425676e-04
9.000538608708266963e+01 6.142641581293806392e-03 2.872824371915683531e-04
9.031954569533935739e+01 6.122070292415190441e-03 2.869491532104160268e-04
9.063372571371668585e+01 6.108451507536330656e-03 2.864712790331357920e-04
9.094768176175277574e+01 6.095092301382640070e-03 2.853784350236526031e-04
9.126192514543302536e+01 6.083567110549481689e-03 2.861960002383341552e-04
9.157618431004050308e+01 6.068328207269713115e-03 2.839381338861477920e-04
9.189052044903290550e+01 6.057790331022263816e-03 2.813995946417642080e-04
9.220482130605392967e+01 6.045507532835758466e-03 2.804179379369176766e-04
9.251884607514890035e+01 6.037092822705155716e-03 2.849452753277494674e-04
9.283303729693140838e+01 6.029550212021048995e-03 2.829890592265193430e-04
9.314717990438124673e+01 6.022153996999552936e-03 2.815482597337752948e-04
9.346110245869820687e+01 6.015841948336229927e-03 2.790924943148896838e-04
9.377539067864897504e+01 6.006769294018387238e-03 2.798258322944572425e-04
9.408974975329175550e+01 5.998638272027579862e-03 2.794252150971879203e-04
9.440389065687497805e+01 5.994928424541587711e-03 2.806468856736886951e-04
9.471762225078724384e+01 5.987551406730130289e-03 2.816260259373952880e-04
9.503189844255133778e+01 5.981130138629639319e-03 2.806184431788865492e-04
9.534641686142936123e+01 5.977797220778473600e-03 2.781578205116953307e-04
9.566011079292637476e+01 5.971872904409294448e-03 2.789523437319485662e-04
9.597411172270480506e+01 5.972693995915248112e-03 2.776124374461552517e-04
9.628850528735904390e+01 5.965359468220988830e-03 2.800819838381161768e-04
9.660324551759315170e+01 5.971638810796006322e-03 2.788139002352708114e-04
9.691703557560205695e+01 5.962739593797929116e-03 2.772593949173904793e-04
9.723041430629675119e+01 5.964349140554237386e-03 2.796779029921644261e-04
9.754484307012232591e+01 5.968125431702137051e-03 2.813090692650042544e-04
9.785940598661414924e+01 5.965770879433764974e-03 2.824525715280227015e-04
9.817375460369085260e+01 5.972900848583690900e-03 2.833681123187874510e-04
9.848776640509666436e+01 5.971869083734041711e-03 2.851073501117642800e-04
9.880206887482727041e+01 5.976139980556560531e-03 2.835163855107061359e-04
9.911663016824624606e+01 5.983385824081488731e-03 2.836887480479583596e-04
9.943058596528010185e+01 5.993461753132342355e-03 2.867789452491090315e-04
9.974439643442121906e+01 5.996890892276962766e-03 2.889575206502340856e-04
1.000586520672233490e+02 6.002497191175122475e-03 2.857901316283354689e-04
1.003726311243779179e+02 6.015267080286582427e-03 2.874506409445154193e-04
1.006863609310031933e+02 6.023298088399008446e-03 2.890671799085592440e-04
1.010005540192626654e+02 6.036646349052996255e-03 2.883355870313143699e-04
1.013152026415403526e+02 6.042178135937719893e-03 2.915439357872844778e-04
1.016293679138634474e+02 6.057204497157786353e-03 2.916897957529640431e-04
1.019430501884507123e+02 6.072971625863549279e-03 2.930445982454515583e-04
1.022572449755250830e+02 6.081857902274064032e-03 2.908749638078441291e-04
1.025718418130836085e+02 6.098949655369660661e-03 2.929132019141042031e-04
1.028861911017171309e+02 6.115175197015401860e-03 2.970891862511263392e-04
1.032002231702024488e+02 6.130765299314491421e-03 2.931381029556870237e-04
1.035146392105253028e+02 6.152760466334056613e-03 2.952231874003566825e-04
1.038292359262971019e+02 6.163575200037157108e-03 2.933745780591633079e-04
1.041427121533907894e+02 6.188039945166190318e-03 2.969620239445700752e-04
1.044561295689368592e+02 6.200834443135730921e-03 2.932615964145433049e-04
1.047708650889197202e+02 6.229957670610245662e-03 2.995771374739250202e-04
1.050851522319120050e+02 6.254392190985860051e-03 3.018833346799970640e-04
1.053986366683002274e+02 6.272089527299825988e-03 3.040978108014562200e-04
1.057127898378478079e+02 6.295790667014928427e-03 3.000151128427781377e-04
1.060268944924848569e+02 6.310911130982067851e-03 3.036951741483881863e-04
1.063410375396088767e+02 6.348811396206799351e-03 3.053586410413886313e-04
1.066553351020730247e+02 6.363140743343377072e-03 3.085490987046635592e-04
1.069700059615547190e+02 6.397396191590761991e-03 3.096532712457290143e-04
1.072844699292986519e+02 6.418826969551357474e-03 3.055882428904698649e-04
1.075978948412114846e+02 6.439577715964792809e-03 3.111138011443437506e-04
1.079120166734675905e+02 6.479702498458028703e-03 3.177395826488237617e-04
1.082265240460195344e+02 6.500110747617525962e-03 3.206514397480621594e-04
1.085408584143816313e+02 6.534978864591188888e-03 3.222688874733941559e-04
1.088549564965246503e+02 6.564707237411988860e-03 3.266304667691791977e-04
1.091688370133313128e+02 6.577876154822375268e-03 3.217433516152437968e-04
1.094827263230301497e+02 6.629948434798253916e-03 3.264410636497630460e-04
1.097969070918947239e+02 6.629772134615051667e-03 3.257105081750647424e-04
1.101108614334973623e+02 6.690344227651343935e-03 3.324764902825611381e-04
1.104249250424424247e+02 6.683842027208329942e-03 3.293878005979486629e-04
1.107396862323123798e+02 6.724648453871631855e-03 3.337628524881899915e-04
1.110537909171902697e+02 6.744306494300847041e-03 3.394675561609971194e-04
1.113669060996339368e+02 6.752858226466328800e-03 3.348467366741900457e-04
1.116813961317518391e+02 6.785282669764101070e-03 3.428058603095266972e-04
1.119964394851646432e+02 6.776576824775564119e-03 3.386723798975855974e-04
1.123100421113602607e+02 6.813015824405010794e-03 3.440725846307621043e-04
1.126240536101794447e+02 6.791087212555399835e-03 3.503767295280979868e-04
1.129379966505166095e+02 6.791795462920551495e-03 3.404973259927258043e-04
1.132518883338644571e+02 6.784088443072753584e-03 3.443521573348295442e-04
1.135651955722218958e+02 6.762697033051608998e-03 3.431329349531171040e-04
1.138794864110013094e+02 6.730058564359472049e-03 3.477010028465006065e-04
1.141949152711211468e+02 6.713070519156775530e-03 3.487194732989986733e-04
1.145085006125939486e+02 6.708232152750534180e-03 3.510300350666053322e-04
1.148226787009071472e+02 6.718981507342038778e-03 3.505050868461857664e-04
1.151376864260383286e+02 6.701728139154163565e-03 3.501937382897184767e-04
1.154516629928821345e+02 6.710519244852760322e-03 3.507076832825473112e-04
1.157653370245882627e+02 6.719914515647763646e-03 3.533856793404476166e-04
1.160792451527899374e+02 6.720386662563169328e-03 3.568581490807173798e-04
1.163937924399171351e+02 6.741568507256205656e-03 3.577331410815938343e-04
1.167077718997228715e+02 6.749997354475064520e-03 3.606989018771639957e-04
1.170209684355608175e+02 6.783654908031593565e-03 3.657243097473403498e-04
1.173353550341486908e+02 6.789888759135899107e-03 3.703490430266393948e-04
1.176501645799607303e+02 6.808208653846783628e-03 3.809139539273587931e-04
1.179644947224674354e+02 6.839112277655711412e-03 3.829108669702138050e-04
1.182776938495577781e+02 6.865428594897482646e-03 3.840149097700803560e-04
1.185912892856654111e+02 6.872744423928191237e-03 3.865771109605570764e-04
1.189070451600216956e+02 6.905672773815021460e-03 3.927104777866426599e-04
1.192214046293417056e+02 6.945733082644125859e-03 3.888504024581586425e-04
1.195346291216650485e+02 6.968422832162333123e-03 3.952535851380682393e-04
1.198494069192820177e+02 7.001887944491319397e-03 3.896068060961799554e-04
1.201651774213734711e+02 7.042697797284872344e-03 3.969648859335835772e-04
1.204786536827043477e+02 7.082178258808766690e-03 3.977624283175884459e-04
1.207915400692489953e+02 7.105029739359686007e-03 4.012626974932086924e-04
1.211071928381454228e+02 7.140505877358847148e-03 3.991747665084852343e-04
1.214215028776850147e+02 7.199582135528895775e-03 4.102258314307518933e-04
1.217338884389058649e+02 7.240944699640350021e-03 4.153417427512082552e-04
1.220485106288860493e+02 7.268721098599347993e-03 4.227946933471977346e-04
1.223649490634236514e+02 7.318481461742157475e-03 4.262569225729354928e-04
1.226784559227979088e+02 7.380737734343759474e-03 4.436102450246634716e-04
1.229900019072183710e+02 7.432767741286637822e-03 4.402179092667636790e-04
1.233054617452374941e+02 7.467248307933774948e-03 4.377477849017147988e-04
1.236207153644814696e+02 7.524824239855866341e-03 4.408556345583449225e-04
1.239331775844842269e+02 7.610397456869549652e-03 4.620805195508239337e-04
1.242467158139630072e+02 7.667814900028991666e-03 4.631550593583584857e-04
1.245621415556689300e+02 7.711042393490292850e-03 4.613912685732828229e-04
1.248777688129184185e+02 7.800639665456825765e-03 4.806691733019763141e-04
1.251901895103835471e+02 7.896720570354365601e-03 4.820520085759689402e-04
1.255025226680442643e+02 7.946082881630700881e-03 4.931470181073660704e-04
1.258194076678557138e+02 8.035895609927725877e-03 4.823807193586333972e-04
1.261348474644680522e+02 8.103805301727644989e-03 4.817160510902336948e-04
1.264456058988723584e+02 8.218239936948540034e-03 5.093368819543207630e-04
1.267597475488652208e+02 8.279707140110989516e-03 5.055562366831930056e-04
1.270776507546071201e+02 8.369878206233834564e-03 5.109555531961519756e-04
1.273916799420037762e+02 8.487939238937715000e-03 5.272682605465880013e-04
1.277013863115962664e+02 8.593865725901933192e-03 5.605896232738111521e-04
1.280167859978632805e+02 8.693565414489736257e-03 5.537758279199197445e-04
1.283361908734028702e+02 8.786922077959075789e-03 5.591352987611825608e-04
1.286473756702684170e+02 8.912136502603435623e-03 5.757801026766513810e-04
1.289556262653206886e+02 9.054600202899163938e-03 5.685524399479042253e-04
1.292737748060940248e+02 9.169941698002580244e-03 6.104983763549275914e-04
1.295925097523526404e+02 9.301323952992679792e-03 6.065903423288986854e-04
1.299029660740884253e+02 9.444680823429090974e-03 6.438687754105826624e-04
1.302148579946444045e+02 9.550151891417399744e-03 6.412836805945814310e-04
1.305337248755816688e+02 9.709488450808394580e-03 6.424395899159634831e-04
1.308466417091605081e+02 9.860818235767666168e-03 6.685245820068265064e-04
1.311504272509779696e+02 1.003087216556140630e-02 6.586397790799294015e-04
1.314698765474287825e+02 1.014728036000473593e-02 6.642186851918027669e-04
1.317955287853964421e+02 1.032669999257142951e-02 6.994219010672368675e-04
1.321014893121398757e+02 1.052885695795665461e-02 7.034657809763963064e-04
1.324019756095517835e+02 1.068199324943195326e-02 7.297582525153705401e-04
1.327270481147153305e+02 1.086000268566041441e-02 7.105610716060499358e-04
1.330590141288029429e+02 1.112130553064197801e-02 7.725871282069873792e-04
1.333597573729420844e+02 1.129471675204255648e-02 7.315236334785001071e-04
1.336545450502629535e+02 1.150526048895519557e-02 7.837454583025084366e-04
1.339865882222744347e+02 1.177877580591951169e-02 7.804091053492625456e-04
1.343233465511614213e+02 1.200689920011539791e-02 8.768308652102667052e-04
1.346099178234919407e+02 1.221402021045943538e-02 8.943914965871471853e-04
1.348982338606730309e+02 1.244808442767346250e-02 9.142412956339603363e-04
1.352445969684641227e+02 1.279678472198460606e-02 1.024032472940391084e-03
1.355910131574484012e+02 1.317570214953655248e-02 9.397306172592390051e-04
1.358548951693456672e+02 1.336727151484660286e-02 1.126186419612385577e-03
1.361393223299698718e+02 1.364413948457213026e-02 1.029867110333889226e-03
1.364973923434689027e+02 1.395548135636815075e-02 1.139529055774351736e-03
1.368532643902742336e+02 1.429345423683284731e-02 1.297976666096635695e-03
1.371244101954353596e+02 1.458285808503796167e-02 1.325123673389048398e-03
1.373936659185979750e+02 1.471817542390071315e-02 1.192308273998504871e-03
1.377521569172451166e+02 1.549967949832233190e-02 1.588558427129776541e-03
1.381099672185708016e+02 1.565664980005938497e-02 1.718222452776334806e-03
1.383946394093705123e+02 1.560608932467438814e-02 2.851752470901379455e-03
1.386415991234134992e+02 1.621255008872262218e-02 2.669553531848581091e-03
1.389827905860589681e+02 1.573063519293387003e-02 4.615146701404077706e-03
1.392997911731879128e+02 2.128808003726819983e-02 2.381937904226864161e-02
