4.449820612348476812e-01 3.037906461849799911e+01 3.727237376787239098e-01
7.539561082532788561e-01 9.930733363427760807e+00 3.879374295922515814e-01
1.072395093228418306e+00 5.020830033173534268e+00 3.043934239033106448e-01
1.391830388244638339e+00 3.046756440221210394e+00 1.883969746420350588e-01
1.717549892901705233e+00 2.076031157632199253e+00 1.331442546788768333e-01
2.023943380712872830e+00 1.547491406014629645e+00 8.957077886216911755e-02
2.338358341787839745e+00 1.209868649842179344e+00 7.292399918902801870e-02
2.654112550882975707e+00 9.783479200009175258e-01 7.095151675454676454e-02
2.972681220470295038e+00 8.117303085166872600e-01 5.417231181620923292e-02
3.288112407294395911e+00 6.951717439578023461e-01 4.900951631884438442e-02
3.598316453349367894e+00 6.047471430021533756e-01 4.603976020445086498e-02
3.913930457844173816e+00 5.337889060886938930e-01 4.323948818791518295e-02
4.235199472917269503e+00 4.760581332785676079e-01 3.837747843048128216e-02
4.548427310263685186e+00 4.313917784275888567e-01 3.697453258606951676e-02
4.860394888415106252e+00 3.920036247496911930e-01 3.151189410650866857e-02
5.173815194796832273e+00 3.610765431933755654e-01 3.097161336682792421e-02
5.487882221272795569e+00 3.317335360235216246e-01 2.897806599551836990e-02
5.802715423900465908e+00 3.071058911650023648e-01 2.721549177945768033e-02
6.118348332687426172e+00 2.872984272778440484e-01 2.592456964010567133e-02
6.434086315451469140e+00 2.692652491427287575e-01 2.371328535323683623e-02
6.747504008320403202e+00 2.527131762893214950e-01 2.187475617480274040e-02
7.059747794210737837e+00 2.378485095445523057e-01 2.070295729381517805e-02
7.375667878737341532e+00 2.247003965623950439e-01 1.962325406994290533e-02
7.689325371261341857e+00 2.125779483061939479e-01 1.819968064248759718e-02
8.003287720255551463e+00 2.019358494653593072e-01 1.703011383499554790e-02
8.319955843435401732e+00 1.924011408849812810e-01 1.606082171812684908e-02
8.635978228882212449e+00 1.833473172269005913e-01 1.478123171961029901e-02
8.948826066885422037e+00 1.757320830710659698e-01 1.401658978818117428e-02
9.261768453239259458e+00 1.676377717328611794e-01 1.349508236247715445e-02
9.574033936705786729e+00 1.604153927314314054e-01 1.260846856603289184e-02
9.889449343257677327e+00 1.537178756847397965e-01 1.181772398370565906e-02
1.020468867723862161e+01 1.475444623929742238e-01 1.114158372405797161e-02
1.051969651304922948e+01 1.419940099245061982e-01 1.024827965458082260e-02
1.083454854911150811e+01 1.366613202480495559e-01 9.754997806494261625e-03
1.114850140608075968e+01 1.315113215345631303e-01 9.506921738489791662e-03
1.146310013543170925e+01 1.266890593981438717e-01 8.847510927864557159e-03
1.177570754183406088e+01 1.223469204291792178e-01 8.354539554029954962e-03
1.208955291908929475e+01 1.178824427079631920e-01 8.034444457330819009e-03
1.240428269719809684e+01 1.140249953944863365e-01 7.433628490855728743e-03
1.271746128436477186e+01 1.102500031158076127e-01 7.197168725703475059e-03
1.303167125942402471e+01 1.064743052360240111e-01 6.632298951980121482e-03
1.334628685448480212e+01 1.028498865710435889e-01 6.217692232311094330e-03
1.366211671570577835e+01 9.975884162364490049e-02 5.936835535064347545e-03
1.397764840042207979e+01 9.635582590620435373e-02 5.493593548828867509e-03
1.429183146157246576e+01 9.351677260831327276e-02 5.264971253101640575e-03
1.460438135697155637e+01 9.057860810058672441e-02 5.061238593145074745e-03
1.491724922219911242e+01 8.779430706609665791e-02 4.871429024470679860e-03
1.523191319703598623e+01 8.538666505992764666e-02 4.575347067200888525e-03
1.554639563501598509e+01 8.279283537278819827e-02 4.414952451739589945e-03
1.586084085809198996e+01 8.031364209730817993e-02 4.208946930524330200e-03
1.617593783972211341e+01 7.794904725366440246e-02 3.797064003621310451e-03
1.649084108775197777e+01 7.580924855998616430e-02 3.679907596564864405e-03
1.680588214728578222e+01 7.365834061864746929e-02 3.492805462838373398e-03
1.711850187854636829e+01 7.165680504936432216e-02 3.351006543522145817e-03
1.743239096333134697e+01 6.965951652970239771e-02 3.303544416878943096e-03
1.774705807205658914e+01 6.785558460510979217e-02 3.120054776812049291e-03
1.805958467710519955e+01 6.606401517088462960e-02 2.907919476992402302e-03
1.837383544781786071e+01 6.427258774774291528e-02 2.747155177980450946e-03
1.868823897638795373e+01 6.264681238134335584e-02 2.623038863497117405e-03
1.900327015737565972e+01 6.101574318590508028e-02 2.526160390080698162e-03
1.931769930629911514e+01 5.950291908351455078e-02 2.480661695069073802e-03
1.963070090682224844e+01 5.802179689286977166e-02 2.296169198463236544e-03
1.994632250160967146e+01 5.660695862824922237e-02 2.260178410803130502e-03
2.026036622288414080e+01 5.522794542837879822e-02 2.184441296722655634e-03
2.057458238785238436e+01 5.383984451886708600e-02 1.982245213023732001e-03
2.088907136058245584e+01 5.262714097255647566e-02 2.034213968619049545e-03
2.120200324362565425e+01 5.139134154466414028e-02 1.897344835034036736e-03
2.151712845135095975e+01 5.012436090194790500e-02 1.798489609528469051e-03
2.183179280127812660e+01 4.901583607067500764e-02 1.783891146121969681e-03
2.214498091610381536e+01 4.792474739660166488e-02 1.650996678736165639e-03
2.245817209264929559e+01 4.686708309840534326e-02 1.646060016993764223e-03
2.277207073127366144e+01 4.583175855619679023e-02 1.528663453876800277e-03
2.308817235150528901e+01 4.477585485004680066e-02 1.493168870510318139e-03
2.340322121011855216e+01 4.377327087867162458e-02 1.441061041410145703e-03
2.371742621382182747e+01 4.287773703265663344e-02 1.334913743949068870e-03
2.403178068407699897e+01 4.194357677405175649e-02 1.312957832194595366e-03
2.434509629194348435e+01 4.103114677199326543e-02 1.258590786370488226e-03
2.465848549799978073e+01 4.014989734545532790e-02 1.222298112289621963e-03
2.497253373572267776e+01 3.932584484919219442e-02 1.158609755082416195e-03
2.528579525667710470e+01 3.854147463655282352e-02 1.117359657359701672e-03
2.559961998134047434e+01 3.778290328982171487e-02 1.091188509465055743e-03
2.591563048884203013e+01 3.704496279125266134e-02 1.047756805776889387e-03
2.623044819014549844e+01 3.628659731322234766e-02 9.920103895273138170e-04
2.654378654241668301e+01 3.557630428716426763e-02 9.892919623707900449e-04
2.685786763973363023e+01 3.484461314134341264e-02 9.720708225705284103e-04
2.717289781891895828e+01 3.415332770237662630e-02 9.580944385066107348e-04
2.748715326196108677e+01 3.351548998946278501e-02 9.111619880437176562e-04
2.779968713750889009e+01 3.287049368070256439e-02 8.836874545919593156e-04
2.811427338304828538e+01 3.224420274688433868e-02 8.622959044346812383e-04
2.843005768613632966e+01 3.166059403978015163e-02 8.172429914243821859e-04
2.874402294711039474e+01 3.109547725091905968e-02 7.934625084073895253e-04
2.905775105170279815e+01 3.049661036733478797e-02 7.667083245402581170e-04
2.937197248330484101e+01 2.993907311958965423e-02 7.444104834591508965e-04
2.968588110148449744e+01 2.939950650602869003e-02 7.148819995788518750e-04
2.999985977396841008e+01 2.886477280561869363e-02 7.083111267890465895e-04
3.031339557562138509e+01 2.836329128016659012e-02 7.023772475082618386e-04
3.062734788222267213e+01 2.786690067332155823e-02 6.635586755596750057e-04
3.094238866520757369e+01 2.739560657240083796e-02 6.516276617987467722e-04
3.125655283718949562e+01 2.691715726667861380e-02 6.575897905095443073e-04
3.157013725191605147e+01 2.648730615051935258e-02 6.374470551145672856e-04
3.188501781366027643e+01 2.602798399207936764e-02 6.130048913750610036e-04
3.219928891657278314e+01 2.557267777987833057e-02 6.160503979878580953e-04
3.251342708583055696e+01 2.518327642635224961e-02 5.962729185283363034e-04
3.282793058849519241e+01 2.475608999780013614e-02 5.765569495271761656e-04
3.314184641179626567e+01 2.435468337132977446e-02 5.789261644583905972e-04
3.345592722481097070e+01 2.394513175848593869e-02 5.550279306694623233e-04
3.377035099287802922e+01 2.356309553604544332e-02 5.467144079354317558e-04
3.408417757296601991e+01 2.321246142468082543e-02 5.304308851136951483e-04
3.439796266930849100e+01 2.283904259963273273e-02 5.229895911025322268e-04
3.471172158519765816e+01 2.249299636257261203e-02 4.969888170680210630e-04
3.502587701217368732e+01 2.214571045964922394e-02 4.954287915221705207e-04
3.534062478304358734e+01 2.179501835656609890e-02 4.884526420022346910e-04
3.565509504837460497e+01 2.145651181608883989e-02 4.906733089079060462e-04
3.596959125585713224e+01 2.114201910210234195e-02 4.633645759919226867e-04
3.628416903799056570e+01 2.081941076546347039e-02 4.737032362590085197e-04
3.659826341354674639e+01 2.049903972898820675e-02 4.494532589578225192e-04
3.691253995242461627e+01 2.021910093755864210e-02 4.366667707365472803e-04
3.722632921057968503e+01 1.991815834114060366e-02 4.350312380161593562e-04
3.753935550971355894e+01 1.962633066925734485e-02 4.181371760356388228e-04
3.785379232658022630e+01 1.935725343376981308e-02 4.124202919760383296e-04
3.816820616800478660e+01 1.908307259871885181e-02 4.095379000596058045e-04
3.848231479931133237e+01 1.879422319241671677e-02 4.076388786311640165e-04
3.879697432587706629e+01 1.855740572585994758e-02 4.077612545607761326e-04
3.911164570994792911e+01 1.829024244616156772e-02 3.789264154948073665e-04
3.942657468260119913e+01 1.804015871983943517e-02 3.676796013979648898e-04
3.973948283489760769e+01 1.779673737630714861e-02 3.631019232379283329e-04
4.005245548296176850e+01 1.756105786498975835e-02 3.605665919389699440e-04
4.036682030863680382e+01 1.732497684360151044e-02 3.492923202239431356e-04
4.068114744186932796e+01 1.709401284805096149e-02 3.457754453668952072e-04
4.099576499480517811e+01 1.686193147096810147e-02 3.511891610209749433e-04
4.130976318196394459e+01 1.664917381661921991e-02 3.368811602901045695e-04
4.162448535040202557e+01 1.643301408772008740e-02 3.287018837588619180e-04
4.193979654605389129e+01 1.622639557337870325e-02 3.159308127095726191e-04
4.225317319851522058e+01 1.601216138715128023e-02 3.191568094678252530e-04
4.256641433781323514e+01 1.581588160317916325e-02 3.180995663780552597e-04
4.288099131951004495e+01 1.561507900581729329e-02 3.089466325768928782e-04
4.319529238531207227e+01 1.542729157760072169e-02 2.976973820585661324e-04
4.350919372743798874e+01 1.522497977680790752e-02 2.831674686475065114e-04
4.382320548037633756e+01 1.504791832277555322e-02 2.840218238209637818e-04
4.413751936699867429e+01 1.485085212249430929e-02 2.902844889555635118e-04
4.445166384196934217e+01 1.467673983678832034e-02 2.795938485025407081e-04
4.476542123556563268e+01 1.449372198390538359e-02 2.765229825315450763e-04
4.507978260833547779e+01 1.432469286667989623e-02 2.710152059292057552e-04
4.539416664047413974e+01 1.416031096178233667e-02 2.683579965466689624e-04
4.570872053159931880e+01 1.398800392867817662e-02 2.583324431161036576e-04
4.602315408858807189e+01 1.382387834666948950e-02 2.548599247077257767e-04
4.633717207632355439e+01 1.367464799822247848e-02 2.551901061822223313e-04
4.665162098677463831e+01 1.351278057486085711e-02 2.475884197073999400e-04
4.696632892786939095e+01 1.335559762429202463e-02 2.441017137446468131e-04
4.727987405199097992e+01 1.321470879974908849e-02 2.365683012955046205e-04
4.759330009272585471e+01 1.307092608918804591e-02 2.371804592695862042e-04
4.790706627765919023e+01 1.291972697555571897e-02 2.358287785208022336e-04
4.822175472554553011e+01 1.277254161826638784e-02 2.292647282959696397e-04
4.853677816784124133e+01 1.263444600082638120e-02 2.259402414345844780e-04
4.885040384225014520e+01 1.249917269222432237e-02 2.288771536907437229e-04
4.916411662681706929e+01 1.236343255962104974e-02 2.237150947435270515e-04
4.947784845983336766e+01 1.223196558242222245e-02 2.196615565930394901e-04
4.979228150960553734e+01 1.209992806156052689e-02 2.220161377166978648e-04
5.010681053719186195e+01 1.197611550630871963e-02 2.195030589452107075e-04
5.042024126675676854e+01 1.184347215027261972e-02 2.082335464856708944e-04
5.073470749181217343e+01 1.172147377481679367e-02 1.965285736092792560e-04
5.104962777186486278e+01 1.160016141202494314e-02 1.943772496732700948e-04
5.136369902186972070e+01 1.148915316150507515e-02 1.996940450536146639e-04
5.167795909480086181e+01 1.136774464769621865e-02 1.913210051126576321e-04
5.199237786962974894e+01 1.125487485586401833e-02 1.937513194078733961e-04
5.230634874716525218e+01 1.114612129687459971e-02 1.871298036080511868e-04
5.262017184055142849e+01 1.103553489952543293e-02 1.884591526645493296e-04
5.293403523258043464e+01 1.091532559294535604e-02 1.835282671472977952e-04
5.324821665328946096e+01 1.081517500264205303e-02 1.828028781723342513e-04
5.356283887204177319e+01 1.071218778471583200e-02 1.792545396462480727e-04
5.387720244005389958e+01 1.060686075456791083e-02 1.752477702747121081e-04
5.419124100940217659e+01 1.050659972734648007e-02 1.734747301378636482e-04
5.450540119714083431e+01 1.040836823331100364e-02 1.740313079947816710e-04
5.481948329783215712e+01 1.030520207319410818e-02 1.686521166732804771e-04
5.513405660294207422e+01 1.021493834728588040e-02 1.684310149604926977e-04
5.544815237974399480e+01 1.012401715021785803e-02 1.667989845919680262e-04
5.576127142318796359e+01 1.003150208952015288e-02 1.649314311091746958e-04
5.607510638073839004e+01 9.938152134657523423e-03 1.595137832025595175e-04
5.638962869123960076e+01 9.848970448722902879e-03 1.572451199849217950e-04
5.670447763341914538e+01 9.760650551948218956e-03 1.579242544703159546e-04
5.701820248252029444e+01 9.678448829342448101e-03 1.560215166498672864e-04
5.733195901604897671e+01 9.592295328529327689e-03 1.507624134385264741e-04
5.764712064958249726e+01 9.507044786437306855e-03 1.502614924538869714e-04
5.796144533755393269e+01 9.424149377328749563e-03 1.507672616986804957e-04
5.827543609436339977e+01 9.343623071021944088e-03 1.478194629561230245e-04
5.858965381281051066e+01 9.259902545679101274e-03 1.449120660199999030e-04
5.890437181848294301e+01 9.183559981332136204e-03 1.454360532357757676e-04
5.921838271257634290e+01 9.105440257810352295e-03 1.401133008440820461e-04
5.953173211496333295e+01 9.034718733762121118e-03 1.362404816162954388e-04
5.984561044172004074e+01 8.960068292336332077e-03 1.348268184278961462e-04
6.016007886770730551e+01 8.887483707011402390e-03 1.313015491168139856e-04
6.047434222208529064e+01 8.822069446593023070e-03 1.345346644328258531e-04
6.078819510374049884e+01 8.752002114666368460e-03 1.290264063554020396e-04
6.110248775855733072e+01 8.682383169626026881e-03 1.289661506554205914e-04
6.141703083107434935e+01 8.613430425210953298e-03 1.294131087499782499e-04
6.173164932884664324e+01 8.545813096390754079e-03 1.257707807490197807e-04
6.204511235884282172e+01 8.481123346344505293e-03 1.245325826971025167e-04
6.235874195723437197e+01 8.416430088760076464e-03 1.257033907299069653e-04
6.267327299667211093e+01 8.359368556355469340e-03 1.249061584068057523e-04
6.298749759460891795e+01 8.295011702479222065e-03 1.203019862062209617e-04
6.330160715636269231e+01 8.236227545850852844e-03 1.268025437875992020e-04
6.361581442360031957e+01 8.175243258533431215e-03 1.218119917129332396e-04
6.393020775293106794e+01 8.116183915611868346e-03 1.209282160240839071e-04
6.424432944667968570e+01 8.063959477785575744e-03 1.237799183843807187e-04
6.455877100332915575e+01 8.009334725497670518e-03 1.234871984971066693e-04
6.487328631868861351e+01 7.953557238800271212e-03 1.206587667491856506e-04
6.518709135059721405e+01 7.901440481866186735e-03 1.217612191044266883e-04
6.550086614613807967e+01 7.854710322545015860e-03 1.217263179523529699e-04
6.581507238314434005e+01 7.805254006460267402e-03 1.186911967571613509e-04
6.612933801816515711e+01 7.754014605593891919e-03 1.166873653535355275e-04
6.644327462264372741e+01 7.709332646594977377e-03 1.124735704243027146e-04
6.675724024772777909e+01 7.658634955273378730e-03 1.116998380542009078e-04
6.707202581361374882e+01 7.614508884623279010e-03 1.119981222636023125e-04
6.738654342085472138e+01 7.570977702101201398e-03 1.125436504500714320e-04
6.770007949974387884e+01 7.527770968316486490e-03 1.111947773056911736e-04
6.801413046488892178e+01 7.485673690350897087e-03 1.088317272111826854e-04
6.832828432287988107e+01 7.442329212472124228e-03 1.065619739611490884e-04
6.864257492412163231e+01 7.403948814552521393e-03 1.093220551347743176e-04
6.895676864647008131e+01 7.364082909947507194e-03 1.102817792141984110e-04
6.927047835745285909e+01 7.327513464935600344e-03 1.078447450224968130e-04
6.958493206096495953e+01 7.291540686349739196e-03 1.086736684208579237e-04
6.989922257197353872e+01 7.256669238257445337e-03 1.055069724973898301e-04
7.021339417045909670e+01 7.219535471926803206e-03 1.059860444290590219e-04
7.052773897424346217e+01 7.187901866939616462e-03 1.027977684800867204e-04
7.084189167737326898e+01 7.153242247437946628e-03 1.034221867535165142e-04
7.115590885935685606e+01 7.125814878170375240e-03 1.045145576444605790e-04
7.146989005821200180e+01 7.097124415132423890e-03 1.032248541849901957e-04
7.178434609113935494e+01 7.070782110897722711e-03 1.030753373734795338e-04
7.209885608846497007e+01 7.042611099465596186e-03 1.045985661991807110e-04
7.241268339266662224e+01 7.017538402311987791e-03 1.054243876796543284e-04
7.272661744860863564e+01 6.989155670020382426e-03 1.033822986091427503e-04
7.304096595759399690e+01 6.966835733258640653e-03 1.024425452836069835e-04
7.335551822010131673e+01 6.945378892483938631e-03 1.020448137882745069e-04
7.366964544744810439e+01 6.924365643397641622e-03 1.038348992185108866e-04
7.398349826217994973e+01 6.906389876142499454e-03 1.024649943221230377e-04
7.429780723014216903e+01 6.888975965272027546e-03 1.011840461578666580e-04
7.461168053815575263e+01 6.871584935254075599e-03 1.036562415297613587e-04
7.492512351899900125e+01 6.857679658572034785e-03 1.034114479469215022e-04
7.523928760255913062e+01 6.842150133309451120e-03 1.017690782426083635e-04
7.555379959472880103e+01 6.831402298082204193e-03 1.055547788475592945e-04
7.586808174925810988e+01 6.823402141343058898e-03 1.041357648316778542e-04
7.618242854845652801e+01 6.812618845115307048e-03 1.032130825750439868e-04
7.649690178579460564e+01 6.803845548677503810e-03 1.038856399119282955e-04
7.681150884569460402e+01 6.796383357428856069e-03 1.035284680865925194e-04
7.712553593896940640e+01 6.794161778749096409e-03 1.047912552379137783e-04
7.743919815414901109e+01 6.790930765003796131e-03 1.044586608812497584e-04
7.775365348898256457e+01 6.788533669939808730e-03 1.047219337195032615e-04
7.806786624636168881e+01 6.787721662855000955e-03 1.044680820112694016e-04
7.838145605265704319e+01 6.788712500434810476e-03 1.063044968586671421e-04
7.869568487021912517e+01 6.791792162233894342e-03 1.065395064169696968e-04
7.901017726154370280e+01 6.797016736102745940e-03 1.063203106887297195e-04
7.932426967172689558e+01 6.805749671952731998e-03 1.057447627296800836e-04
7.963800071315027651e+01 6.815767392457623176e-03 1.065147971771524996e-04
7.995232181973354102e+01 6.825081307557978420e-03 1.083519408603940361e-04
8.026710683187394579e+01 6.839816916139227279e-03 1.082322023571493779e-04
8.058098841817748337e+01 6.829888231847649691e-03 1.071184843838170328e-04
8.089485841761938900e+01 6.797493974968823495e-03 1.071435172438741160e-04
8.120913542700235155e+01 6.766309730270557432e-03 1.038542443488540967e-04
8.152320399729813971e+01 6.734791640188119918e-03 1.053413409117227406e-04
8.183741234158418365e+01 6.708261522401882254e-03 1.037535588500456475e-04
8.215150691342314815e+01 6.678897684201244751e-03 1.066045120884897472e-04
8.246540403166144984e+01 6.652755821440335671e-03 1.035642547121734856e-04
8.277961243172062211e+01 6.621055733940729195e-03 1.028091241876315573e-04
8.309391379915852838e+01 6.596859465344839975e-03 1.049664971910899049e-04
8.340841199676388840e+01 6.569938103465419385e-03 1.054927833059222264e-04
8.372247805522263775e+01 6.545187266153535896e-03 1.040595043810171373e-04
8.403606928155355149e+01 6.520820426667650951e-03 1.044448334865134413e-04
8.435060771194061147e+01 6.493600537407345601e-03 1.043264157405111397e-04
8.466537403994669830e+01 6.469047210974319950e-03 1.019339060246451212e-04
8.497903215174325453e+01 6.447212524112776524e-03 1.024452468540662807e-04
8.529308967219921556e+01 6.424686628054229916e-03 1.026270033191858331e-04
8.560758620939661512e+01 6.402602666225747606e-03 1.028458214322112003e-04
8.592176930850853012e+01 6.377176781272306423e-03 1.020475179228082859e-04
8.623592234680224067e+01 6.356210616409748923e-03 1.013488203009795061e-04
8.654974592180241189e+01 6.337718993603668957e-03 1.033328241144555981e-04
8.686431801595330171e+01 6.316992533644767704e-03 1.013601420964740647e-04
8.717831512877299360e+01 6.298383764275578868e-03 1.026323859075839131e-04
8.749180038885013744e+01 6.274731856287408573e-03 1.039990979212235571e-04
8.780616393456979552e+01 6.258700669094837549e-03 1.022324859261451399e-04
8.812053080281283712e+01 6.240401864832233192e-03 1.014509499029343185e-04
8.843467894795254836e+01 6.227398170128801980e-03 1.025786131505140918e-04
8.874883741935526871e+01 6.208620136118024602e-03 1.010265377677933135e-04
8.906318108032054681e+01 6.188010815904040375e-03 9.803884694982381717e-05
8.937728738028999942e+01 6.174719439102745872e-03 9.918673693988453160e-05
8.969136461493712886e+01 6.161629386180332568e-03 1.006803185428267782e-04
9.000538608708266963e+01 6.147301579660844478e-03 9.970382624660623972e-05
9.031954569533935739e+01 6.130987488194288015e-03 1.005555116512692876e-04
9.063372571371668585e+01 6.115488784257840614e-03 9.850494749827014122e-05
9.094768176175277574e+01 6.104210594770851164e-03 9.911874654663619148e-05
9.126192514543302536e+01 6.094778343203315074e-03 1.004336334282088976e-04
9.157618431004050308e+01 6.079159713579640467e-03 1.001875610286022996e-04
9.189052044903290550e+01 6.067332032159804267e-03 1.015953245558214193e-04
9.220482130605392967e+01 6.058011206781233927e-03 1.034026480341464422e-04
9.251884607514890035e+01 6.049783983220894008e-03 1.036095529507128228e-04
9.283303729693140838e+01 6.039152263033181062e-03 1.031233071197603231e-04
9.314717990438124673e+01 6.031731114196413855e-03 1.047257860868155792e-04
9.346110245869820687e+01 6.024856195605620551e-03 1.080091125060855995e-04
9.377539067864897504e+01 6.020397320925589303e-03 1.057915711752480532e-04
9.408974975329175550e+01 6.011063542939393614e-03 1.079764699093646184e-04
9.440389065687497805e+01 6.006751467850532898e-03 1.054790169629261378e-04
9.471762225078724384e+01 6.000757551238410613e-03 1.056839805206406715e-04
9.503189844255133778e+01 5.995120285186175506e-03 1.086682808931689511e-04
9.534641686142936123e+01 5.991631248220287941e-03 1.099319440313855089e-04
9.566011079292637476e+01 5.988525917657352635e-03 1.094115158288025777e-04
9.597411172270480506e+01 5.987535205841031279e-03 1.086149789927287628e-04
9.628850528735904390e+01 5.982237882301184861e-03 1.098492918393191071e-04
9.660324551759315170e+01 5.985984452829374441e-03 1.108529279694802039e-04
9.691703557560205695e+01 5.978383739846389322e-03 1.083425114156903957e-04
9.723041430629675119e+01 5.985491341480709063e-03 1.107232686013675106e-04
9.754484307012232591e+01 5.981018825617232838e-03 1.113111399845103169e-04
9.785940598661414924e+01 5.979897519716243642e-03 1.119253970188657912e-04
9.817375460369085260e+01 5.984897962470609595e-03 1.124367252964284452e-04
9.848776640509666436e+01 5.986937783851659263e-03 1.145259489146746389e-04
9.880206887482727041e+01 5.990515391755826639e-03 1.149848744247962114e-04
9.911663016824624606e+01 5.994434349819162226e-03 1.141595223337869434e-04
9.943058596528010185e+01 6.001954437238142710e-03 1.169985353363605344e-04
9.974439643442121906e+01 6.005021489516489119e-03 1.168504701287014251e-04
1.000586520672233490e+02 6.018392397552370376e-03 1.187222243442284355e-04
1.003726311243779179e+02 6.025752637703867681e-03 1.165687446997389537e-04
1.006863609310031933e+02 6.028671480600020054e-03 1.188894398757590063e-04
1.010005540192626654e+02 6.046403365204959697e-03 1.211213061611000067e-04
1.013152026415403526e+02 6.054234313472770662e-03 1.197568573636196171e-04
1.016293679138634474e+02 6.065148749356641215e-03 1.228882060872077712e-04
1.019430501884507123e+02 6.081277971434271082e-03 1.207450508599388565e-04
1.022572449755250830e+02 6.086991298231746519e-03 1.226417568366438594e-04
1.025718418130836085e+02 6.103380583342916769e-03 1.260529090236654282e-04
1.028861911017171309e+02 6.121584665103557525e-03 1.281767779269706172e-04
1.032002231702024488e+02 6.137230072532915033e-03 1.273546739617767822e-04
1.035146392105253028e+02 6.154874551595313978e-03 1.284581806583058019e-04
1.038292359262971019e+02 6.169740326691628557e-03 1.308888615546836452e-04
1.041427121533907894e+02 6.196742364171208689e-03 1.327824812472055147e-04
1.044561295689368592e+02 6.207723472013771011e-03 1.343691101017238404e-04
1.047708650889197202e+02 6.232817377314596972e-03 1.366910903792243779e-04
1.050851522319120050e+02 6.256641195839736207e-03 1.365764007779933270e-04
1.053986366683002274e+02 6.274989947462811246e-03 1.348483051572498860e-04
1.057127898378478079e+02 6.299748649878905878e-03 1.400459145393317072e-04
1.060268944924848569e+02 6.317333813149281045e-03 1.372784456404869242e-04
1.063410375396088767e+02 6.355799183186714579e-03 1.395165534093791514e-04
1.066553351020730247e+02 6.372638881980575293e-03 1.429462297949490163e-04
1.069700059615547190e+02 6.401996242158449618e-03 1.423109561722329009e-04
1.072844699292986519e+02 6.430764213916373602e-03 1.423009185213113816e-04
1.075978948412114846e+02 6.448785550511545485e-03 1.449992185954518647e-04
1.079120166734675905e+02 6.490313109564362949e-03 1.456548713160938995e-04
1.082265240460195344e+02 6.510245356828683362e-03 1.449357583977538657e-04
1.085408584143816313e+02 6.549569606306916009e-03 1.496001360498068141e-04
1.088549564965246503e+02 6.576946649928060336e-03 1.483320809171484315e-04
1.091688370133313128e+02 6.594224989492885290e-03 1.551574473857532323e-04
1.094827263230301497e+02 6.641656775505290315e-03 1.583343340918676883e-04
1.097969070918947239e+02 6.640388268740574605e-03 1.547162362034971918e-04
1.101108614334973623e+02 6.705041820538779410e-03 1.564651512906103568e-04
1.104249250424424247e+02 6.699333998184231476e-03 1.567792933705783028e-04
1.107396862323123798e+02 6.743312459118275086e-03 1.596650476894763881e-04
1.110537909171902697e+02 6.759155796257129874e-03 1.568690301698307367e-04
1.113669060996339368e+02 6.766361038209520000e-03 1.583475430917513735e-04
1.116813961317518391e+02 6.802211050997807387e-03 1.621841322799591261e-04
1.119964394851646432e+02 6.789610432627627042e-03 1.614591995103850197e-04
1.123100421113602607e+02 6.829723495549626724e-03 1.629505072723153025e-04
1.126240536101794447e+02 6.803252900313758525e-03 1.587032745401890596e-04
1.129379966505166095e+02 6.802144532082188624e-03 1.597771532046584849e-04
1.132518883338644571e+02 6.797273234666789850e-03 1.583535269652140795e-04
1.135651955722218958e+02 6.772046597699160446e-03 1.601260943851126725e-04
1.138794864110013094e+02 6.742453981191243520e-03 1.614403765821813719e-04
1.141949152711211468e+02 6.723997666494555513e-03 1.614668039983369573e-04
1.145085006125939486e+02 6.723687528425556677e-03 1.630472576546011180e-04
1.148226787009071472e+02 6.732764564713853393e-03 1.576940580671894014e-04
1.151376864260383286e+02 6.716002839477109784e-03 1.626285400463493304e-04
1.154516629928821345e+02 6.725542204661019187e-03 1.694423088583596048e-04
1.157653370245882627e+02 6.738993358453951830e-03 1.684783959369940830e-04
1.160792451527899374e+02 6.742965809124924249e-03 1.650776132920145497e-04
1.163937924399171351e+02 6.755107409936384963e-03 1.683298695366292443e-04
1.167077718997228715e+02 6.765120369827472800e-03 1.712406526335459947e-04
1.170209684355608175e+02 6.789242840004821797e-03 1.714662691839658360e-04
1.173353550341486908e+02 6.800453559374927161e-03 1.750981805694588769e-04
1.176501645799607303e+02 6.821517077597478822e-03 1.841438463892954307e-04
1.179644947224674354e+02 6.848508422965169512e-03 1.861559400059061714e-04
1.182776938495577781e+02 6.874885618019300516e-03 1.823103596520037702e-04
1.185912892856654111e+02 6.887828431433858610e-03 1.867614194671575651e-04
1.189070451600216956e+02 6.924592186239099043e-03 1.927025511998584333e-04
1.192214046293417056e+02 6.957970804569225433e-03 1.935222946564968286e-04
1.195346291216650485e+02 6.984179950617027885e-03 1.971244518730123072e-04
1.198494069192820177e+02 7.005328158015593568e-03 2.027418576684890611e-04
1.201651774213734711e+02 7.047357124794326536e-03 2.024871012903500507e-04
1.204786536827043477e+02 7.085149920833744112e-03 2.019977096543615716e-04
1.207915400692489953e+02 7.121105195519799973e-03 2.081076615925138375e-04
1.211071928381454228e+02 7.152630192932368097e-03 2.033229637417957342e-04
1.214215028776850147e+02 7.205476812900478423e-03 2.147688669541337819e-04
1.217338884389058649e+02 7.256069406889182477e-03 2.126252549042328445e-04
1.220485106288860493e+02 7.275987488444252312e-03 2.234233838411455190e-04
1.223649490634236514e+02 7.327369305234814230e-03 2.279596798353271294e-04
1.226784559227979088e+02 7.394616174326379410e-03 2.309624451503742464e-04
1.229900019072183710e+02 7.454302619628331607e-03 2.330272245151395426e-04
1.233054617452374941e+02 7.498286085433799632e-03 2.405864980273391936e-04
1.236207153644814696e+02 7.543164427775440710e-03 2.481084426487941688e-04
1.239331775844842269e+02 7.630966354415679408e-03 2.537010879425352010e-04
1.242467158139630072e+02 7.680345216170153706e-03 2.510567046011805592e-04
1.245621415556689300e+02 7.737990939791007314e-03 2.555318150306852250e-04
1.248777688129184185e+02 7.816866630082727752e-03 2.566710727603283438e-04
1.251901895103835471e+02 7.902465091191674881e-03 2.711278594382614108e-04
1.255025226680442643e+02 7.961705568448019035e-03 2.688951347873518049e-04
1.258194076678557138e+02 8.033694849718773720e-03 2.642463039656129243e-04
1.261348474644680522e+02 8.120677788274337922e-03 2.803267491909656258e-04
1.264456058988723584e+02 8.229768394753323932e-03 2.824800933222922691e-04
1.267597475488652208e+02 8.274940880017716410e-03 2.743815288920124621e-04
1.270776507546071201e+02 8.392651168685018315e-03 2.921698022668897492e-04
1.273916799420037762e+02 8.490840668731056140e-03 2.893637675589737376e-04
1.277013863115962664e+02 8.605191300037198093e-03 3.091818381071448352e-04
1.280167859978632805e+02 8.683819027309571878e-03 3.225050711058014799e-04
1.283361908734028702e+02 8.796654623646588469e-03 3.112574930623217165e-04
1.286473756702684170e+02 8.927115763021159500e-03 3.271848654658735043e-04
1.289556262653206886e+02 9.039854767361221385e-03 3.408537040767060738e-04
1.292737748060940248e+02 9.163734725193196928e-03 3.503621965275940074e-04
1.295925097523526404e+02 9.297859885679764236e-03 3.631928781341255564e-04
1.299029660740884253e+02 9.413517934806582554e-03 3.719149106696812020e-04
1.302148579946444045e+02 9.525878854736715209e-03 3.595171845092309804e-04
1.305337248755816688e+02 9.694148158995699940e-03 3.742021417796836079e-04
1.308466417091605081e+02 9.870870445236322108e-03 3.990006521646758276e-04
1.311504272509779696e+02 1.002572275307422878e-02 4.015386580830140840e-04
1.314698765474287825e+02 1.015337023695521250e-02 4.083631864127993337e-04
1.317955287853964421e+02 1.032234130355981494e-02 4.143085835638556091e-04
1.321014893121398757e+02 1.051979213711759682e-02 4.433414499370198075e-04
1.324019756095517835e+02 1.070700302480573525e-02 4.751643742061626178e-04
1.327270481147153305e+02 1.086362233400581419e-02 4.614883454922591747e-04
1.330590141288029429e+02 1.107183184358795196e-02 4.651102990633931606e-04
1.333597573729420844e+02 1.133861794614556169e-02 5.022154700169329010e-04
1.336545450502629535e+02 1.151449547914566544e-02 4.985715278016453330e-04
1.339865882222744347e+02 1.170184558797288804e-02 4.938066722250795916e-04
1.343233465511614213e+02 1.196113810488355980e-02 5.123208354259842787e-04
1.346099178234919407e+02 1.219839322870417200e-02 5.987492120495228887e-04
1.348982338606730309e+02 1.246704691432910274e-02 5.336719583433265643e-04
1.352445969684641227e+02 1.273446516966889736e-02 5.857787072477109317e-04
1.355910131574484012e+02 1.303626131180891067e-02 6.293716975684877707e-04
1.358548951693456672e+02 1.328231239494238880e-02 6.504416215097631173e-04
1.361393223299698718e+02 1.357343679102403916e-02 6.779054350252803609e-04
1.364973923434689027e+02 1.384477996828583496e-02 6.715946872262932004e-04
1.368532643902742336e+02 1.430015730960449739e-02 7.752554153495055250e-04
1.371244101954353596e+02 1.461074240062427629e-02 1.036217601814434959e-03
1.373936659185979750e+02 1.506021836683302077e-02 1.090951250271466689e-03
1.377521569172451166e+02 1.535306576287174228e-02 1.139686637531361901e-03
1.381099672185708016e+02 1.571067622084930046e-02 1.336033029671021208e-03
1.383946394093705123e+02 1.587238753487108314e-02 1.710269130381391169e-03
1.386415991234134992e+02 1.702915816678888042e-02 1.691646288912073510e-03
1.389827905860589681e+02 1.762256816292156678e-02 3.682470726379438557e-03
1.392997911731879128e+02 1.808960244899117387e-02 1.491431766692508445e-02
