4.449820612348476812e-01 4.565433893991389880e+01 1.255715333474119788e+01
7.539561082532788561e-01 1.650158583274614443e+01 3.265555456634270826e+00
1.072395093228418306e+00 8.400255260687918835e+00 1.288877722529199854e+00
1.391830388244638339e+00 5.475576729415049471e+00 9.049563563897533580e-01
1.717549892901705233e+00 3.850320884327662174e+00 6.294902368961646788e-01
2.023943380712872830e+00 2.948281727852334111e+00 5.490343769461635270e-01
2.338358341787839745e+00 2.372670767964919936e+00 4.231548954582406430e-01
2.654112550882975707e+00 2.001769475043680746e+00 3.975214106750411536e-01
2.972681220470295038e+00 1.726816028411115589e+00 3.429675177141390252e-01
3.288112407294395911e+00 1.497961069196621420e+00 2.993313392503815229e-01
3.598316453349367894e+00 1.327037575191014618e+00 2.854702477243599157e-01
3.913930457844173816e+00 1.196683973059971207e+00 2.567441952254431725e-01
4.235199472917269503e+00 1.086557729184402854e+00 2.402474972624450422e-01
4.548427310263685186e+00 9.915663777954273339e-01 2.157006677162049968e-01
4.860394888415106252e+00 9.151159831628816743e-01 1.963459813095959350e-01
5.173815194796832273e+00 8.498751198750408298e-01 1.869508785382648919e-01
5.487882221272795569e+00 7.870329614983231359e-01 1.729603208694595051e-01
5.802715423900465908e+00 7.325068290468405019e-01 1.526617316706851690e-01
6.118348332687426172e+00 6.844637874198785665e-01 1.449606780080565094e-01
6.434086315451469140e+00 6.438616065724259707e-01 1.339770022119047554e-01
6.747504008320403202e+00 6.080255000186800540e-01 1.231614157195655979e-01
7.059747794210737837e+00 5.745797925212400292e-01 1.119361455292944285e-01
7.375667878737341532e+00 5.450043495035219454e-01 1.032517817037399283e-01
7.689325371261341857e+00 5.158375269153636644e-01 9.635034342287274178e-02
8.003287720255551463e+00 4.878808949357969493e-01 9.046041750132201298e-02
8.319955843435401732e+00 4.653555743573719594e-01 8.335166911104661958e-02
8.635978228882212449e+00 4.424335262300174709e-01 7.854028414006723746e-02
8.948826066885422037e+00 4.219780296440025502e-01 7.199336870345585115e-02
9.261768453239259458e+00 4.024403751846516997e-01 6.816225828259193931e-02
9.574033936705786729e+00 3.841397150981805675e-01 6.415139405014490259e-02
9.889449343257677327e+00 3.672126711358298934e-01 5.919940030876671977e-02
1.020468867723862161e+01 3.514419128044503071e-01 5.719671590897482810e-02
1.051969651304922948e+01 3.372065719898078018e-01 5.329317503969061703e-02
1.083454854911150811e+01 3.225394303117916639e-01 5.000906688795134919e-02
1.114850140608075968e+01 3.089141608358292324e-01 4.590960687469284457e-02
1.146310013543170925e+01 2.967651456985002656e-01 4.361069440971936800e-02
1.177570754183406088e+01 2.844064444941347136e-01 4.143600608488915565e-02
1.208955291908929475e+01 2.726013571180737061e-01 3.886705832425889351e-02
1.240428269719809684e+01 2.628548961525672412e-01 3.707207102131492016e-02
1.271746128436477186e+01 2.523245185423165227e-01 3.492299605091381959e-02
1.303167125942402471e+01 2.435234745763212305e-01 3.252355088890395568e-02
1.334628685448480212e+01 2.337359430888637235e-01 3.070195736299420955e-02
1.366211671570577835e+01 2.255718003919374159e-01 2.846093334096393840e-02
1.397764840042207979e+01 2.174628545598783491e-01 2.732922493025769645e-02
1.429183146157246576e+01 2.100126289717506034e-01 2.558961556839132317e-02
1.460438135697155637e+01 2.024227020850555281e-01 2.419219033881570002e-02
1.491724922219911242e+01 1.958414349253296549e-01 2.336245157592935565e-02
1.523191319703598623e+01 1.894037463812062450e-01 2.178780302830480783e-02
1.554639563501598509e+01 1.828708792096807034e-01 2.096671622856788667e-02
1.586084085809198996e+01 1.770542177128043015e-01 1.987816520777510587e-02
1.617593783972211341e+01 1.714799184131371446e-01 1.912134730350987730e-02
1.649084108775197777e+01 1.656795330803669808e-01 1.811990649056791081e-02
1.680588214728578222e+01 1.605711464482673656e-01 1.734212934443837145e-02
1.711850187854636829e+01 1.557364320919910894e-01 1.648564552669515293e-02
1.743239096333134697e+01 1.511631947991628755e-01 1.609432491236257798e-02
1.774705807205658914e+01 1.466140188106264397e-01 1.531957274413006317e-02
1.805958467710519955e+01 1.422744955023735880e-01 1.475199335529659393e-02
1.837383544781786071e+01 1.380899248919978672e-01 1.408193007841119539e-02
1.868823897638795373e+01 1.340897435141708560e-01 1.342691612377645838e-02
1.900327015737565972e+01 1.301326488118734748e-01 1.256485437685960285e-02
1.931769930629911514e+01 1.263317067280941286e-01 1.231796522875465427e-02
1.963070090682224844e+01 1.230069326912867078e-01 1.156478153829016385e-02
1.994632250160967146e+01 1.196947637259237196e-01 1.130384068768313863e-02
2.026036622288414080e+01 1.164504940952360429e-01 1.061890601936648498e-02
2.057458238785238436e+01 1.136314361497599290e-01 1.057154260782155498e-02
2.088907136058245584e+01 1.105766913622508452e-01 1.027597713002892550e-02
2.120200324362565425e+01 1.077917939580645135e-01 9.567595362347669150e-03
2.151712845135095975e+01 1.049586010483120196e-01 9.284383384315787746e-03
2.183179280127812660e+01 1.024747912525884042e-01 9.068651242262693035e-03
2.214498091610381536e+01 9.985158798520446521e-02 8.647824209009492141e-03
2.245817209264929559e+01 9.721889838302834319e-02 8.378682462397453803e-03
2.277207073127366144e+01 9.502525913071732666e-02 8.066994539900477698e-03
2.308817235150528901e+01 9.269033068290437327e-02 7.771450245915807742e-03
2.340322121011855216e+01 9.047153971094613889e-02 7.466526640583596823e-03
2.371742621382182747e+01 8.837505363116100743e-02 7.155513053832483240e-03
2.403178068407699897e+01 8.639982066635462643e-02 6.915091634474603878e-03
2.434509629194348435e+01 8.436833778431601649e-02 6.760582266006337840e-03
2.465848549799978073e+01 8.239037305915046516e-02 6.511828372343305381e-03
2.497253373572267776e+01 8.059678294124347775e-02 6.270503347185940775e-03
2.528579525667710470e+01 7.873549181271347064e-02 6.179002207436209114e-03
2.559961998134047434e+01 7.713206820579915357e-02 5.996614801034303929e-03
2.591563048884203013e+01 7.538733381185927507e-02 5.830728539283448059e-03
2.623044819014549844e+01 7.366345327660925313e-02 5.644221308500466973e-03
2.654378654241668301e+01 7.235972692665994244e-02 5.582084822315199618e-03
2.685786763973363023e+01 7.078993805317330967e-02 5.336933999506037266e-03
2.717289781891895828e+01 6.927255737509170619e-02 5.178292784854573831e-03
2.748715326196108677e+01 6.795938745776554379e-02 5.074628073976949864e-03
2.779968713750889009e+01 6.656498726792391130e-02 4.872934461353587050e-03
2.811427338304828538e+01 6.520954717415609891e-02 4.744338792874145533e-03
2.843005768613632966e+01 6.385707212882976713e-02 4.568087021393592816e-03
2.874402294711039474e+01 6.258435055118155566e-02 4.430597650689955570e-03
2.905775105170279815e+01 6.136375944082621270e-02 4.392659269767905210e-03
2.937197248330484101e+01 6.022446809933237194e-02 4.340696576904403380e-03
2.968588110148449744e+01 5.915117615839297904e-02 4.279175768740934270e-03
2.999985977396841008e+01 5.801876518469081812e-02 4.123176932288216343e-03
3.031339557562138509e+01 5.683956881466305233e-02 3.933803127700165152e-03
3.062734788222267213e+01 5.579258991371216503e-02 3.839494146173464545e-03
3.094238866520757369e+01 5.478167578835838741e-02 3.758957144990213248e-03
3.125655283718949562e+01 5.384375174402444147e-02 3.694373582495647131e-03
3.157013725191605147e+01 5.276210362678523252e-02 3.588607838505880783e-03
3.188501781366027643e+01 5.188351299725355720e-02 3.477484728367244426e-03
3.219928891657278314e+01 5.094695102964785782e-02 3.388499365225352243e-03
3.251342708583055696e+01 5.014867970597314262e-02 3.320571006024200262e-03
3.282793058849519241e+01 4.922541607458746915e-02 3.268890909106089010e-03
3.314184641179626567e+01 4.842006201826241224e-02 3.200101516429781651e-03
3.345592722481097070e+01 4.760157149246368319e-02 3.075728089343341982e-03
3.377035099287802922e+01 4.679160221760939042e-02 3.030908221598707392e-03
3.408417757296601991e+01 4.605015053492200056e-02 2.976506578406975818e-03
3.439796266930849100e+01 4.527432649182548674e-02 2.944605826990945655e-03
3.471172158519765816e+01 4.454512353100060357e-02 2.891187992298607356e-03
3.502587701217368732e+01 4.385134567443484122e-02 2.856838472116693829e-03
3.534062478304358734e+01 4.312345795050410296e-02 2.791677456062086320e-03
3.565509504837460497e+01 4.241072321196984185e-02 2.723899130008261647e-03
3.596959125585713224e+01 4.178820383520348569e-02 2.693727653129379066e-03
3.628416903799056570e+01 4.114276953992535013e-02 2.654520562321625084e-03
3.659826341354674639e+01 4.052048807753892007e-02 2.582866571581820571e-03
3.691253995242461627e+01 3.987352408968915934e-02 2.540414709686825319e-03
3.722632921057968503e+01 3.930998192935217239e-02 2.516497615706991386e-03
3.753935550971355894e+01 3.868222040170749693e-02 2.449693216112470984e-03
3.785379232658022630e+01 3.810649137460673380e-02 2.394302443077712169e-03
3.816820616800478660e+01 3.753453314923985151e-02 2.356019931005907779e-03
3.848231479931133237e+01 3.696632536106139039e-02 2.300961292583400021e-03
3.879697432587706629e+01 3.643914522894455693e-02 2.271253015287393300e-03
3.911164570994792911e+01 3.591283589070102394e-02 2.213407631703776229e-03
3.942657468260119913e+01 3.543078145334983831e-02 2.194845995303336666e-03
3.973948283489760769e+01 3.490753308644996972e-02 2.185631082667306106e-03
4.005245548296176850e+01 3.443521212016353861e-02 2.136709121390096850e-03
4.036682030863680382e+01 3.396306337559723554e-02 2.102983149213282898e-03
4.068114744186932796e+01 3.352257659624119368e-02 2.065642933372423967e-03
4.099576499480517811e+01 3.306279323982674878e-02 2.022772092803747264e-03
4.130976318196394459e+01 3.257851368647859264e-02 1.977259725210703863e-03
4.162448535040202557e+01 3.214896026796083828e-02 1.966644974278754059e-03
4.193979654605389129e+01 3.168332034152758492e-02 1.914470847662166301e-03
4.225317319851522058e+01 3.129126060879844351e-02 1.908554686649000486e-03
4.256641433781323514e+01 3.087871163768595925e-02 1.869620022817776537e-03
4.288099131951004495e+01 3.049830018279512528e-02 1.858178590812408805e-03
4.319529238531207227e+01 3.010655627151333918e-02 1.830331593682218115e-03
4.350919372743798874e+01 2.972610534315967348e-02 1.790623417504701468e-03
4.382320548037633756e+01 2.931796270394124854e-02 1.731263225261985960e-03
4.413751936699867429e+01 2.894217983498824018e-02 1.704835082354670206e-03
4.445166384196934217e+01 2.859864821492625470e-02 1.691484572319391358e-03
4.476542123556563268e+01 2.825581716386270370e-02 1.632949231390902391e-03
4.507978260833547779e+01 2.790875478733271381e-02 1.614643183547556952e-03
4.539416664047413974e+01 2.752030574979350691e-02 1.596134140092515851e-03
4.570872053159931880e+01 2.721542043802064464e-02 1.573937732000441243e-03
4.602315408858807189e+01 2.685614483240389080e-02 1.523127372162415239e-03
4.633717207632355439e+01 2.653817113801303085e-02 1.530125540836502120e-03
4.665162098677463831e+01 2.624945178562956144e-02 1.519499333517560684e-03
4.696632892786939095e+01 2.592490881083339693e-02 1.496284130151168774e-03
4.727987405199097992e+01 2.561780876057611830e-02 1.468471646817879695e-03
4.759330009272585471e+01 2.534381129324399934e-02 1.476748445563461944e-03
4.790706627765919023e+01 2.504782948500840906e-02 1.446517674882359227e-03
4.822175472554553011e+01 2.476779478819533808e-02 1.427216056013480994e-03
4.853677816784124133e+01 2.449184107914588460e-02 1.407301362808345774e-03
4.885040384225014520e+01 2.420272962498759561e-02 1.384409167217517250e-03
4.916411662681706929e+01 2.393499499773951017e-02 1.364305494247983154e-03
4.947784845983336766e+01 2.366963188891486533e-02 1.342905607078382062e-03
4.979228150960553734e+01 2.338167496109632912e-02 1.327498801164255686e-03
5.010681053719186195e+01 2.314063214340141006e-02 1.310379979505646702e-03
5.042024126675676854e+01 2.289249302338769096e-02 1.274355112188928739e-03
5.073470749181217343e+01 2.265834753768241130e-02 1.289894041519473169e-03
5.104962777186486278e+01 2.239501269534525940e-02 1.248145065135573134e-03
5.136369902186972070e+01 2.215340981367841175e-02 1.241345535825145140e-03
5.167795909480086181e+01 2.193827040042861665e-02 1.242598489600990315e-03
5.199237786962974894e+01 2.169223048357686590e-02 1.229192210401704784e-03
5.230634874716525218e+01 2.148190996861900487e-02 1.211057779213246637e-03
5.262017184055142849e+01 2.125774050643415916e-02 1.189526511264256186e-03
5.293403523258043464e+01 2.104205173894987263e-02 1.164308088865801186e-03
5.324821665328946096e+01 2.084893455851022717e-02 1.151425361222826798e-03
5.356283887204177319e+01 2.063447478764689549e-02 1.130116523159645833e-03
5.387720244005389958e+01 2.042224803785578149e-02 1.121361167075012868e-03
5.419124100940217659e+01 2.022625263180707553e-02 1.107084729677251713e-03
5.450540119714083431e+01 2.003071078515112485e-02 1.081165930879860208e-03
5.481948329783215712e+01 1.983206659788963253e-02 1.063853275693009675e-03
5.513405660294207422e+01 1.963422903624316429e-02 1.052119225292845375e-03
5.544815237974399480e+01 1.945018491220497706e-02 1.051734978076379135e-03
5.576127142318796359e+01 1.926828138998725251e-02 1.040886425916086452e-03
5.607510638073839004e+01 1.909346371548307011e-02 1.026124266961575679e-03
5.638962869123960076e+01 1.889502740755807236e-02 1.016107759775859232e-03
5.670447763341914538e+01 1.872729917763195709e-02 9.973499104016321417e-04
5.701820248252029444e+01 1.854957292752560521e-02 9.901741062770233383e-04
5.733195901604897671e+01 1.839084508297598314e-02 9.572093915935158499e-04
5.764712064958249726e+01 1.821459745224306495e-02 9.607812972981150156e-04
5.796144533755393269e+01 1.803864428010345730e-02 9.484336764365158953e-04
5.827543609436339977e+01 1.788282489559923916e-02 9.492058114975833807e-04
5.858965381281051066e+01 1.772906711074399844e-02 9.362526862233493509e-04
5.890437181848294301e+01 1.757002567875590518e-02 9.248916704866063992e-04
5.921838271257634290e+01 1.742610490876077278e-02 9.125473772368296538e-04
5.953173211496333295e+01 1.728404467231229452e-02 9.063821496780377152e-04
5.984561044172004074e+01 1.712500727248884511e-02 9.015018634325655447e-04
6.016007886770730551e+01 1.698525160081233720e-02 8.914835369946684475e-04
6.047434222208529064e+01 1.683976033328065183e-02 8.904945751775496070e-04
6.078819510374049884e+01 1.670334867072682458e-02 8.763308185728163353e-04
6.110248775855733072e+01 1.655733683102466117e-02 8.646155903864857946e-04
6.141703083107434935e+01 1.643558127013337172e-02 8.679337083577904873e-04
6.173164932884664324e+01 1.629907225500095563e-02 8.540430023732505441e-04
6.204511235884282172e+01 1.617025327490190581e-02 8.557206512479001437e-04
6.235874195723437197e+01 1.605284853198838541e-02 8.416131824728491752e-04
6.267327299667211093e+01 1.592314588259351876e-02 8.430494765298658178e-04
6.298749759460891795e+01 1.580248037718447185e-02 8.161646728897693770e-04
6.330160715636269231e+01 1.568167218526960241e-02 8.179201101702798836e-04
6.361581442360031957e+01 1.556467675558267406e-02 8.177168081677831449e-04
6.393020775293106794e+01 1.544113507180937261e-02 8.192570071054154244e-04
6.424432944667968570e+01 1.532385753629160810e-02 8.006685015628536807e-04
6.455877100332915575e+01 1.521522111441406602e-02 7.882023455139099090e-04
6.487328631868861351e+01 1.511316320239462427e-02 7.859115933163677474e-04
6.518709135059721405e+01 1.501199991100684097e-02 7.802159377175975916e-04
6.550086614613807967e+01 1.491650347538102384e-02 7.734981769254294526e-04
6.581507238314434005e+01 1.480879956566259585e-02 7.760343810966583442e-04
6.612933801816515711e+01 1.471549682885018272e-02 7.666151531975647733e-04
6.644327462264372741e+01 1.462630137004768474e-02 7.552600031620038644e-04
6.675724024772777909e+01 1.452252458037657165e-02 7.549319749566587266e-04
6.707202581361374882e+01 1.443309036842612553e-02 7.513794499783139859e-04
6.738654342085472138e+01 1.434760121661888231e-02 7.471706059980986157e-04
6.770007949974387884e+01 1.426810007491631851e-02 7.389099399843140686e-04
6.801413046488892178e+01 1.417540877095253837e-02 7.355294973432337192e-04
6.832828432287988107e+01 1.408941164948992672e-02 7.281970653571230145e-04
6.864257492412163231e+01 1.401500286733404349e-02 7.239470490091271188e-04
6.895676864647008131e+01 1.393175661625741316e-02 7.137031555489075155e-04
6.927047835745285909e+01 1.385172088386836357e-02 7.112925777817613246e-04
6.958493206096495953e+01 1.378694662868056899e-02 7.072747101642142507e-04
6.989922257197353872e+01 1.370846409278819560e-02 7.113661935795469833e-04
7.021339417045909670e+01 1.364538824019632252e-02 7.017759020934308473e-04
7.052773897424346217e+01 1.357613010843744007e-02 7.024904476046494759e-04
7.084189167737326898e+01 1.351022991215299583e-02 6.949154949233811917e-04
7.115590885935685606e+01 1.344773833929986673e-02 6.877175206872475658e-04
7.146989005821200180e+01 1.338722101655679363e-02 6.880605914512369402e-04
7.178434609113935494e+01 1.333301090517694312e-02 6.874952702448818009e-04
7.209885608846497007e+01 1.327878056217410112e-02 6.861534125467588004e-04
7.241268339266662224e+01 1.322708785677414664e-02 6.773117573892522203e-04
7.272661744860863564e+01 1.317399681769637620e-02 6.799913818675163563e-04
7.304096595759399690e+01 1.312781871512743066e-02 6.824673191931574434e-04
7.335551822010131673e+01 1.307833195639296862e-02 6.753885014584127362e-04
7.366964544744810439e+01 1.303830646477991198e-02 6.728050556539550298e-04
7.398349826217994973e+01 1.300148716048379199e-02 6.734533524404533048e-04
7.429780723014216903e+01 1.295738119085455137e-02 6.740162990543677960e-04
7.461168053815575263e+01 1.291918633721347159e-02 6.711558481247234401e-04
7.492512351899900125e+01 1.289205782352592471e-02 6.677295777580395881e-04
7.523928760255913062e+01 1.285948871532456919e-02 6.692756202010577112e-04
7.555379959472880103e+01 1.283857774298790937e-02 6.679901460431821383e-04
7.586808174925810988e+01 1.281686613795163764e-02 6.620256847422485843e-04
7.618242854845652801e+01 1.279317698609658445e-02 6.681686178234940961e-04
7.649690178579460564e+01 1.276982059086697804e-02 6.603607795813434085e-04
7.681150884569460402e+01 1.275251985302598527e-02 6.566933418151322654e-04
7.712553593896940640e+01 1.274542935778001651e-02 6.552803399983658881e-04
7.743919815414901109e+01 1.273520426428617798e-02 6.536212764850761079e-04
7.775365348898256457e+01 1.273357192494158074e-02 6.556317825260629889e-04
7.806786624636168881e+01 1.272746965109027364e-02 6.587712618558357871e-04
7.838145605265704319e+01 1.272658915229575929e-02 6.564463800676833627e-04
7.869568487021912517e+01 1.272641343441041802e-02 6.591003237364382933e-04
7.901017726154370280e+01 1.272851101163425744e-02 6.600902608213902057e-04
7.932426967172689558e+01 1.274134180381722090e-02 6.584206053948757787e-04
7.963800071315027651e+01 1.275366778772886629e-02 6.629909914875536459e-04
7.995232181973354102e+01 1.276693862119013950e-02 6.604363697780942432e-04
8.026710683187394579e+01 1.280253970404873244e-02 6.647898340722455633e-04
8.058098841817748337e+01 1.277459525351855481e-02 6.589026004782000965e-04
8.089485841761938900e+01 1.270715680800534909e-02 6.525700412942111008e-04
8.120913542700235155e+01 1.265047239817898225e-02 6.489941348660080780e-04
8.152320399729813971e+01 1.259905514220274400e-02 6.492618603697130177e-04
8.183741234158418365e+01 1.254442878360432882e-02 6.455723857626347994e-04
8.215150691342314815e+01 1.248591806096293298e-02 6.436300775944158803e-04
8.246540403166144984e+01 1.243445116555777150e-02 6.398227020026207076e-04
8.277961243172062211e+01 1.237775124723197555e-02 6.406906171150609499e-04
8.309391379915852838e+01 1.233453948654300407e-02 6.383303963342932879e-04
8.340841199676388840e+01 1.226984525868488225e-02 6.354863983672320990e-04
8.372247805522263775e+01 1.222403414036611798e-02 6.307622215378368927e-04
8.403606928155355149e+01 1.217612032469212423e-02 6.293981287343523683e-04
8.435060771194061147e+01 1.212671766130728711e-02 6.237410592534263064e-04
8.466537403994669830e+01 1.207669250878207028e-02 6.336689060879891356e-04
8.497903215174325453e+01 1.202725318832502215e-02 6.296013927729962340e-04
8.529308967219921556e+01 1.198374711032012228e-02 6.207602163624715988e-04
8.560758620939661512e+01 1.194745008828755443e-02 6.163866269150956997e-04
8.592176930850853012e+01 1.189910246622657812e-02 6.113677870795947806e-04
8.623592234680224067e+01 1.185858970650758779e-02 6.090606680015105785e-04
8.654974592180241189e+01 1.181973725984308658e-02 6.117232095822717824e-04
8.686431801595330171e+01 1.177414896881566475e-02 6.125534697879634694e-04
8.717831512877299360e+01 1.173662031938079234e-02 6.113031679533455654e-04
8.749180038885013744e+01 1.169982382208364403e-02 6.096169844300747829e-04
8.780616393456979552e+01 1.166628848927501842e-02 6.053610978139325246e-04
8.812053080281283712e+01 1.162986556399499966e-02 5.964666475661527505e-04
8.843467894795254836e+01 1.159799482225067242e-02 5.964660131152565254e-04
8.874883741935526871e+01 1.155569757378873026e-02 5.918620126074583369e-04
8.906318108032054681e+01 1.152635509170214442e-02 5.940059476242704915e-04
8.937728738028999942e+01 1.149380261489503854e-02 5.903056320644313459e-04
8.969136461493712886e+01 1.146280327320466259e-02 5.869226893536957923e-04
9.000538608708266963e+01 1.142989361671215183e-02 5.863049925287560716e-04
9.031954569533935739e+01 1.140003659678054913e-02 5.802852870799937203e-04
9.063372571371668585e+01 1.137282612554540301e-02 5.860699471591047710e-04
9.094768176175277574e+01 1.134920452999554040e-02 5.783253534434615404e-04
9.126192514543302536e+01 1.132831769520397346e-02 5.823183080967113011e-04
9.157618431004050308e+01 1.129628054020938299e-02 5.758629288903667617e-04
9.189052044903290550e+01 1.127355312666607386e-02 5.725169580939492480e-04
9.220482130605392967e+01 1.124801079139465393e-02 5.649056388290418437e-04
9.251884607514890035e+01 1.123366374810073204e-02 5.726618380890442610e-04
9.283303729693140838e+01 1.120566089850167854e-02 5.623089014206543446e-04
9.314717990438124673e+01 1.119185496544213010e-02 5.690168727852582247e-04
9.346110245869820687e+01 1.116823814560989440e-02 5.647810283798306973e-04
9.377539067864897504e+01 1.115352142632831597e-02 5.648618109423823083e-04
9.408974975329175550e+01 1.112823314987601737e-02 5.632606762260454264e-04
9.440389065687497805e+01 1.112515413529481870e-02 5.634836965007756051e-04
9.471762225078724384e+01 1.110453199247574997e-02 5.594658507151078260e-04
9.503189844255133778e+01 1.108806162141349333e-02 5.630317730693692319e-04
9.534641686142936123e+01 1.108041374492141524e-02 5.590897941271168485e-04
9.566011079292637476e+01 1.106807450588985324e-02 5.611102506607599160e-04
9.597411172270480506e+01 1.107011850720291367e-02 5.622006177175726269e-04
9.628850528735904390e+01 1.105473445685298609e-02 5.666209707720235239e-04
9.660324551759315170e+01 1.106422106519315898e-02 5.667149583945332858e-04
9.691703557560205695e+01 1.104540371075233077e-02 5.664881629206993665e-04
9.723041430629675119e+01 1.105936050242472928e-02 5.703508784479981121e-04
9.754484307012232591e+01 1.105101073428444575e-02 5.691452951573992402e-04
9.785940598661414924e+01 1.105169271343842304e-02 5.700160744297590263e-04
9.817375460369085260e+01 1.106015640464158394e-02 5.766917453576248485e-04
9.848776640509666436e+01 1.105914005369384133e-02 5.746075145705472871e-04
9.880206887482727041e+01 1.106740490555538012e-02 5.724531467324523630e-04
9.911663016824624606e+01 1.107094904217057613e-02 5.693816826427003852e-04
9.943058596528010185e+01 1.109224980932865985e-02 5.748601970993531774e-04
9.974439643442121906e+01 1.109076601906145050e-02 5.751766719077861878e-04
1.000586520672233490e+02 1.110952496093430518e-02 5.818135355013428480e-04
1.003726311243779179e+02 1.111213397059104477e-02 5.794919240396658681e-04
1.006863609310031933e+02 1.113000454029049700e-02 5.808919188150891630e-04
1.010005540192626654e+02 1.114729663028087882e-02 5.760802626360513349e-04
1.013152026415403526e+02 1.116391189652606378e-02 5.841744398132249234e-04
1.016293679138634474e+02 1.118096264646133500e-02 5.828486105060198298e-04
1.019430501884507123e+02 1.120638082765371656e-02 5.777711917578818527e-04
1.022572449755250830e+02 1.121500808906023168e-02 5.868415223389165328e-04
1.025718418130836085e+02 1.124975464506593713e-02 5.782774304575561894e-04
1.028861911017171309e+02 1.127740013126144435e-02 5.845320074614319917e-04
1.032002231702024488e+02 1.131149182302100542e-02 5.912977477799812335e-04
1.035146392105253028e+02 1.133475700277000037e-02 5.993999831883742736e-04
1.038292359262971019e+02 1.136073878921960156e-02 6.003340010014635627e-04
1.041427121533907894e+02 1.140831456993171220e-02 6.029341170979213771e-04
1.044561295689368592e+02 1.142782471542318212e-02 5.996513488082883328e-04
1.047708650889197202e+02 1.146473275234383658e-02 6.015441812308857392e-04
1.050851522319120050e+02 1.151397174115264405e-02 6.046153481695391765e-04
1.053986366683002274e+02 1.154473481388547038e-02 6.031818711378485404e-04
1.057127898378478079e+02 1.159003713253461271e-02 5.983504190628911477e-04
1.060268944924848569e+02 1.162456512219691221e-02 6.059589858940746861e-04
1.063410375396088767e+02 1.169206680081646445e-02 6.048071324607839439e-04
1.066553351020730247e+02 1.171177143143199706e-02 6.120048640415752441e-04
1.069700059615547190e+02 1.176789612536104611e-02 6.083872193992631355e-04
1.072844699292986519e+02 1.181987500082225945e-02 6.106255827889482332e-04
1.075978948412114846e+02 1.186470072350974750e-02 6.213176975473069449e-04
1.079120166734675905e+02 1.192906696718845118e-02 6.191956587072700545e-04
1.082265240460195344e+02 1.195089048535281917e-02 6.270623617645203120e-04
1.085408584143816313e+02 1.201717025983214775e-02 6.344241749105394715e-04
1.088549564965246503e+02 1.209171745789241505e-02 6.384368884375570680e-04
1.091688370133313128e+02 1.209886467674355266e-02 6.401500677036471880e-04
1.094827263230301497e+02 1.218603635821342498e-02 6.411076933004446416e-04
1.097969070918947239e+02 1.218775748423943719e-02 6.541710410812865339e-04
1.101108614334973623e+02 1.230182914013792927e-02 6.645307649233327726e-04
1.104249250424424247e+02 1.229230196351614561e-02 6.698265464102752011e-04
1.107396862323123798e+02 1.237369087265837754e-02 6.830706623239052788e-04
1.110537909171902697e+02 1.238651755301316791e-02 6.787662550765114801e-04
1.113669060996339368e+02 1.241026023067444070e-02 6.871339651646925619e-04
1.116813961317518391e+02 1.245591694164682565e-02 6.851336959506369511e-04
1.119964394851646432e+02 1.244782880884166311e-02 6.921672871643198182e-04
1.123100421113602607e+02 1.251416708405002354e-02 6.984469949277523002e-04
1.126240536101794447e+02 1.245961849074480113e-02 7.019529248105310431e-04
1.129379966505166095e+02 1.244848721637179141e-02 7.017803823787844989e-04
1.132518883338644571e+02 1.244530945429575715e-02 6.952293481386098532e-04
1.135651955722218958e+02 1.240942773251024062e-02 7.010538981793523836e-04
1.138794864110013094e+02 1.234839598330418620e-02 7.079408165764940327e-04
1.141949152711211468e+02 1.232613425738474620e-02 7.129786127467741810e-04
1.145085006125939486e+02 1.230498716383556651e-02 7.285112631219850749e-04
1.148226787009071472e+02 1.232458561410263234e-02 7.267727730525817874e-04
1.151376864260383286e+02 1.230942728071061400e-02 7.222745030211690604e-04
1.154516629928821345e+02 1.232915339877752384e-02 7.418609643597154574e-04
1.157653370245882627e+02 1.235864248818469187e-02 7.374810599059713600e-04
1.160792451527899374e+02 1.233937239040032094e-02 7.514910262332051344e-04
1.163937924399171351e+02 1.237120835625500972e-02 7.661753653869446748e-04
1.167077718997228715e+02 1.238831563381435040e-02 7.701783643845214146e-04
1.170209684355608175e+02 1.242183358192200382e-02 7.635430306449470742e-04
1.173353550341486908e+02 1.244467429911849839e-02 7.676551617745258583e-04
1.176501645799607303e+02 1.245657130530115897e-02 7.829889806911579254e-04
1.179644947224674354e+02 1.251908550938250590e-02 7.874731632919669847e-04
1.182776938495577781e+02 1.257272825079221515e-02 7.885210394519407730e-04
1.185912892856654111e+02 1.259374772213146289e-02 7.973534832592437055e-04
1.189070451600216956e+02 1.264792975752252607e-02 8.043410074899948192e-04
1.192214046293417056e+02 1.271114637978560877e-02 8.095904051182254303e-04
1.195346291216650485e+02 1.274127244535687084e-02 8.180461500370643773e-04
1.198494069192820177e+02 1.279425075643518886e-02 8.231345421652238453e-04
1.201651774213734711e+02 1.286869467864271144e-02 8.448152525086159671e-04
1.204786536827043477e+02 1.293173683768884287e-02 8.524227778800354824e-04
1.207915400692489953e+02 1.297911152068085411e-02 8.535310312579286835e-04
1.211071928381454228e+02 1.304377692397563557e-02 8.568532193977149245e-04
1.214215028776850147e+02 1.313417609249754696e-02 8.666825906833288762e-04
1.217338884389058649e+02 1.322829192943362001e-02 8.858872644056090852e-04
1.220485106288860493e+02 1.327866435632671718e-02 8.916839796675015209e-04
1.223649490634236514e+02 1.336057895101382814e-02 9.256111103598035558e-04
1.226784559227979088e+02 1.347458792463492039e-02 9.204737184723128882e-04
1.229900019072183710e+02 1.358177835612115608e-02 9.653246201522180329e-04
1.233054617452374941e+02 1.366589164663078830e-02 9.713748621801924750e-04
1.236207153644814696e+02 1.377113430825635358e-02 9.859318369439731139e-04
1.239331775844842269e+02 1.390076754905696099e-02 1.009286548221526199e-03
1.242467158139630072e+02 1.399308957613828834e-02 1.028497130239565188e-03
1.245621415556689300e+02 1.409580990256855196e-02 1.042194044777215766e-03
1.248777688129184185e+02 1.427382087167243865e-02 1.085969830302079692e-03
1.251901895103835471e+02 1.440275442943096153e-02 1.093449463020340628e-03
1.255025226680442643e+02 1.449669905363839412e-02 1.098361401029849908e-03
1.258194076678557138e+02 1.463917289525674091e-02 1.066860421453900412e-03
1.261348474644680522e+02 1.480883752586659684e-02 1.137598080195905336e-03
1.264456058988723584e+02 1.499689475462976859e-02 1.147972663562335863e-03
1.267597475488652208e+02 1.506091761331962431e-02 1.088541102202108049e-03
1.270776507546071201e+02 1.528107985967706514e-02 1.170275774617552094e-03
1.273916799420037762e+02 1.547000075515901456e-02 1.201795676962645739e-03
1.277013863115962664e+02 1.562535850651385061e-02 1.213428888763844107e-03
1.280167859978632805e+02 1.577306960566378022e-02 1.240897336802053831e-03
1.283361908734028702e+02 1.598576799784714314e-02 1.261494124647482163e-03
1.286473756702684170e+02 1.623871036650755342e-02 1.273154115751889926e-03
1.289556262653206886e+02 1.645893977203003247e-02 1.285468827662745528e-03
1.292737748060940248e+02 1.663790542090611349e-02 1.339171850849466732e-03
1.295925097523526404e+02 1.693368106870707379e-02 1.417932967123400464e-03
1.299029660740884253e+02 1.718092606156107136e-02 1.462019311614434942e-03
1.302148579946444045e+02 1.734867192135691391e-02 1.405709571851210694e-03
1.305337248755816688e+02 1.761279011981647241e-02 1.468064009909622863e-03
1.308466417091605081e+02 1.789070587865523865e-02 1.401473770208632851e-03
1.311504272509779696e+02 1.826877440350038739e-02 1.542863562139045385e-03
1.314698765474287825e+02 1.846149190149491345e-02 1.517670202526925178e-03
1.317955287853964421e+02 1.872996177525535280e-02 1.564359737257322008e-03
1.321014893121398757e+02 1.910801536951030333e-02 1.703228287143304133e-03
1.324019756095517835e+02 1.945443841613823596e-02 1.701836022567013986e-03
1.327270481147153305e+02 1.981933949649300822e-02 1.802721678151841941e-03
1.330590141288029429e+02 2.007807021570210543e-02 1.842088425274610421e-03
1.333597573729420844e+02 2.056858032141448134e-02 1.849818896512777679e-03
1.336545450502629535e+02 2.081149262777654343e-02 1.780764453313529727e-03
1.339865882222744347e+02 2.122073189576426100e-02 1.980249910744737336e-03
1.343233465511614213e+02 2.167642721825817700e-02 1.895617207527195997e-03
1.346099178234919407e+02 2.231139349464317245e-02 1.976806399672799419e-03
1.348982338606730309e+02 2.250738990132731057e-02 1.908778080318964884e-03
1.352445969684641227e+02 2.316768324803038237e-02 2.099430367635307399e-03
1.355910131574484012e+02 2.386057384015756455e-02 2.278767183515776045e-03
1.358548951693456672e+02 2.441189443014882970e-02 2.508922852269411530e-03
1.361393223299698718e+02 2.479218853558804933e-02 2.344627369278366302e-03
1.364973923434689027e+02 2.567698360028129040e-02 2.549145866900209660e-03
1.368532643902742336e+02 2.649872763753806718e-02 2.783237015005998218e-03
1.371244101954353596e+02 2.649754320532840546e-02 3.142405523536708368e-03
1.373936659185979750e+02 2.773588089193065875e-02 3.375471710717975905e-03
1.377521569172451166e+02 2.792423348109616607e-02 3.854128642413985791e-03
1.381099672185708016e+02 2.867747054017183092e-02 4.491243467489676976e-03
1.383946394093705123e+02 2.856320559709760523e-02 5.971096871580554646e-03
1.386415991234134992e+02 2.892860171690455479e-02 6.411055466435416038e-03
1.389827905860589681e+02 3.057267498164110975e-02 1.020248060073685598e-02
1.392997911731879128e+02 2.222787401274445643e-02 3.339785785289790115e-02
