4.449820612348476812e-01 -8.215585094439060709e-01 9.031712333494114731e+00 8.261386545788138136e+00
7.539561082532788561e-01 -5.840527450272728904e-01 5.927674755979906784e+00 4.601644196395676012e+00
1.072395093228418306e+00 -4.458866031890288961e-01 3.536833313706809978e+00 2.705559454937710662e+00
1.391830388244638339e+00 -4.683438662941203368e-01 2.718772670726389507e+00 1.847717457094792293e+00
1.717549892901705233e+00 -3.606527478620425997e-01 2.356931456061066132e+00 1.497831370841645526e+00
2.023943380712872830e+00 -4.076196688029085080e-01 1.990290397453956528e+00 1.348988953482520348e+00
2.338358341787839745e+00 -4.597503802092053893e-01 1.732083679334027293e+00 1.082207834545726888e+00
2.654112550882975707e+00 -4.263488710653842717e-01 1.425968482348538346e+00 1.051290860879418476e+00
2.972681220470295038e+00 -4.311020394074966955e-01 1.283882246083529077e+00 8.621002990649019315e-01
3.288112407294395911e+00 -4.553570240083332776e-01 1.170512520328116590e+00 7.904265415992991484e-01
3.598316453349367894e+00 -4.980019544426995126e-01 9.922506918659170783e-01 6.814102744539212164e-01
3.913930457844173816e+00 -5.289884025935197576e-01 8.806308160687108533e-01 6.215454781857437938e-01
4.235199472917269503e+00 -5.379424920394993981e-01 7.767991179919090383e-01 5.497891830293611948e-01
4.548427310263685186e+00 -5.535166203892323278e-01 6.945552781972643697e-01 5.185977203333707042e-01
4.860394888415106252e+00 -5.478618115189433091e-01 6.580424525303273375e-01 4.628040234901724670e-01
5.173815194796832273e+00 -5.953705948705694251e-01 5.728809838361536011e-01 3.935307048990006606e-01
5.487882221272795569e+00 -5.853268888772661382e-01 5.244950999945330317e-01 3.591073174670010304e-01
5.802715423900465908e+00 -6.069711812759104319e-01 4.705827860032337218e-01 3.275964463991823394e-01
6.118348332687426172e+00 -5.498507083151797925e-01 4.242504262382802982e-01 3.036592359930501694e-01
6.434086315451469140e+00 -5.685876376978373781e-01 3.688387877612108179e-01 2.670957955165388364e-01
6.747504008320403202e+00 -5.549259294698399847e-01 3.380158958644733924e-01 2.495044521361170498e-01
7.059747794210737837e+00 -5.791418632605795924e-01 2.982849631876490770e-01 2.373143845602579682e-01
7.375667878737341532e+00 -5.547907488289073319e-01 2.724520816808616019e-01 2.148198272357674798e-01
7.689325371261341857e+00 -5.581406709955525347e-01 2.485456206964287984e-01 1.992940407772921529e-01
8.003287720255551463e+00 -5.195456690195813243e-01 2.196914972948348366e-01 1.886835483992764517e-01
8.319955843435401732e+00 -5.385165258284924095e-01 1.983049083278568825e-01 1.685784997870271029e-01
8.635978228882212449e+00 -5.452470968761266024e-01 1.825498900588402307e-01 1.565787651741812891e-01
8.948826066885422037e+00 -5.658230237534184193e-01 1.649986816955456848e-01 1.417223658538552533e-01
9.261768453239259458e+00 -5.731512978752688614e-01 1.567946726218233944e-01 1.305904288618655595e-01
9.574033936705786729e+00 -5.895196291769101427e-01 1.460103609214876974e-01 1.168173815070863569e-01
9.889449343257677327e+00 -5.721465256470769090e-01 1.355900393668182380e-01 1.092917158580154757e-01
1.020468867723862161e+01 -5.950971018654835909e-01 1.222124347219303020e-01 1.033017322836597973e-01
1.051969651304922948e+01 -5.731018142383634828e-01 1.174807879779435071e-01 9.568595803821609846e-02
1.083454854911150811e+01 -6.046321919268936584e-01 1.094593658548234094e-01 8.550145782724304089e-02
1.114850140608075968e+01 -6.171021059594605784e-01 1.026501775772701158e-01 7.847705692546809442e-02
1.146310013543170925e+01 -5.960884709293421402e-01 9.594589826502819552e-02 7.422383699435985971e-02
1.177570754183406088e+01 -6.054952835083478035e-01 9.123537625367714177e-02 6.977800883818076338e-02
1.208955291908929475e+01 -6.348517920099165934e-01 8.548788294450411496e-02 6.417782694417467626e-02
1.240428269719809684e+01 -6.402945748676098781e-01 8.179422812574642376e-02 6.089422868632560215e-02
1.271746128436477186e+01 -6.244641951305170968e-01 7.690460446679522888e-02 5.507617568612219877e-02
1.303167125942402471e+01 -6.398322675285134098e-01 7.138736718166463491e-02 5.210366737057050418e-02
1.334628685448480212e+01 -6.321807214769564753e-01 6.864072233282979274e-02 5.147781050097708505e-02
1.366211671570577835e+01 -6.184018806481503816e-01 6.551777963552221640e-02 4.766171060669100595e-02
1.397764840042207979e+01 -6.150681219685433243e-01 6.036160212552649229e-02 4.431136150027940174e-02
1.429183146157246576e+01 -6.384658268677707582e-01 5.771273272076038463e-02 4.139360447844990520e-02
1.460438135697155637e+01 -6.320287350870779086e-01 5.246700634105130184e-02 3.951408339840874889e-02
1.491724922219911242e+01 -6.095349134603645913e-01 4.992899680073349666e-02 3.591680852237710136e-02
1.523191319703598623e+01 -6.393950294444830096e-01 4.770956386534676297e-02 3.427805150076524560e-02
1.554639563501598509e+01 -6.494407558269178482e-01 4.472117346120845632e-02 3.311039210521474208e-02
1.586084085809198996e+01 -6.438866193913986846e-01 4.292610882976033437e-02 3.098429454632881455e-02
1.617593783972211341e+01 -6.255590572801683624e-01 4.165127773913889636e-02 2.878533113753184089e-02
1.649084108775197777e+01 -6.078040327992209058e-01 3.950779493302176287e-02 2.803631539359293171e-02
1.680588214728578222e+01 -6.397537290268804355e-01 3.743215953927130080e-02 2.590295164363481256e-02
1.711850187854636829e+01 -6.231299707478520356e-01 3.431157265256384870e-02 2.482591366996472412e-02
1.743239096333134697e+01 -6.200135505963876303e-01 3.296384435536284241e-02 2.399119330554452464e-02
1.774705807205658914e+01 -6.088824357615254534e-01 3.197521675047521744e-02 2.221398033738569353e-02
1.805958467710519955e+01 -6.288980841150414447e-01 2.999825934273999892e-02 2.120982073991221559e-02
1.837383544781786071e+01 -6.031433613736602029e-01 2.905604434420260701e-02 2.039766973433042307e-02
1.868823897638795373e+01 -6.035713711340182641e-01 2.749119659200248769e-02 1.932895881240908123e-02
1.900327015737565972e+01 -6.006044204496553407e-01 2.602239867547541385e-02 1.880136103868727468e-02
1.931769930629911514e+01 -6.307041055664542872e-01 2.481369321542905432e-02 1.741983525750563297e-02
1.963070090682224844e+01 -6.327541120227903049e-01 2.459254240607412420e-02 1.730328648942347156e-02
1.994632250160967146e+01 -5.969923696835466309e-01 2.392844159945595184e-02 1.669065274364330345e-02
2.026036622288414080e+01 -5.754798356206182186e-01 2.321386945978795233e-02 1.654568640654509662e-02
2.057458238785238436e+01 -5.887666335061971790e-01 2.179498483724099170e-02 1.560969297834286298e-02
2.088907136058245584e+01 -5.957528225653689891e-01 2.129402194300763010e-02 1.516723855809144587e-02
2.120200324362565425e+01 -5.652347795962644472e-01 2.032954491969202193e-02 1.466505295722659447e-02
2.151712845135095975e+01 -5.636309361598327294e-01 1.929398899143996288e-02 1.392496154073082082e-02
2.183179280127812660e+01 -5.640192885307417914e-01 1.884751190509266483e-02 1.326712846680488077e-02
2.214498091610381536e+01 -5.645203446231646938e-01 1.774167366523453013e-02 1.289579873693201019e-02
2.245817209264929559e+01 -5.533707851931667365e-01 1.733387799153798120e-02 1.287284710558217471e-02
2.277207073127366144e+01 -5.443979343073631627e-01 1.686230214339596092e-02 1.231139806045915969e-02
2.308817235150528901e+01 -5.650957633810221870e-01 1.648119303282353024e-02 1.184765413685125168e-02
2.340322121011855216e+01 -5.600117169890150848e-01 1.587038219978096493e-02 1.116670435726054011e-02
2.371742621382182747e+01 -5.579647125771424188e-01 1.531037927964999483e-02 1.075126188922659147e-02
2.403178068407699897e+01 -5.819056778751292569e-01 1.507797086042686648e-02 1.059272581365880081e-02
2.434509629194348435e+01 -5.689445804938350060e-01 1.492314041252903664e-02 1.036396569785921241e-02
2.465848549799978073e+01 -5.692800927331672645e-01 1.390558538788495835e-02 1.001173776259710844e-02
2.497253373572267776e+01 -5.828093374612290933e-01 1.330690627982292901e-02 9.834440058473422133e-03
2.528579525667710470e+01 -5.716178188940862492e-01 1.319806748305697545e-02 9.218091784053165580e-03
2.559961998134047434e+01 -5.834593856690609703e-01 1.278071527149116961e-02 9.178824515008765159e-03
2.591563048884203013e+01 -5.729067449148773639e-01 1.237577403455524493e-02 8.842613774832166346e-03
2.623044819014549844e+01 -5.368868994875188871e-01 1.183125106663907890e-02 8.561017900691660770e-03
2.654378654241668301e+01 -5.259646246203939501e-01 1.160312987178008931e-02 8.260127957367271317e-03
2.685786763973363023e+01 -5.071241209368588798e-01 1.138153771640181347e-02 8.061608903888246858e-03
2.717289781891895828e+01 -5.080115866962543469e-01 1.094038432342493705e-02 8.026469335479603784e-03
2.748715326196108677e+01 -5.225412086519716226e-01 1.056077101502394741e-02 7.526027201626274074e-03
2.779968713750889009e+01 -5.253589788788434189e-01 1.000583058507177603e-02 7.461811771122108493e-03
2.811427338304828538e+01 -5.277796287197985547e-01 9.570385585427750377e-03 7.295563525325183228e-03
2.843005768613632966e+01 -5.173274972113049985e-01 9.354018486197700558e-03 7.130795652094582861e-03
2.874402294711039474e+01 -5.299165743255830341e-01 9.138750423309104087e-03 6.852927126385991927e-03
2.905775105170279815e+01 -5.167558934673615045e-01 9.068739262726908945e-03 6.698807481064753336e-03
2.937197248330484101e+01 -5.268686331813776658e-01 8.787005236527338156e-03 6.511395104105918881e-03
2.968588110148449744e+01 -5.172863632522985977e-01 8.497062765996689360e-03 6.415854936722702358e-03
2.999985977396841008e+01 -5.220093594909019918e-01 8.215153850463291149e-03 6.316108088425274880e-03
3.031339557562138509e+01 -5.074348893517114378e-01 8.124796556156077890e-03 5.967467046154301472e-03
3.062734788222267213e+01 -5.074951285914806043e-01 7.753884894466715923e-03 5.805949281780624360e-03
3.094238866520757369e+01 -5.062996036730551541e-01 7.676176692582148582e-03 5.774981488691524091e-03
3.125655283718949562e+01 -5.101468877874120178e-01 7.400942448241162701e-03 5.523086471716068951e-03
3.157013725191605147e+01 -5.059081365351504322e-01 7.156384980062007253e-03 5.359580598668103012e-03
3.188501781366027643e+01 -5.144681950265189707e-01 6.953501376176719935e-03 5.237111008246139038e-03
3.219928891657278314e+01 -4.944608996118347588e-01 6.721119374509743755e-03 5.141261709977560518e-03
3.251342708583055696e+01 -4.949612557203319496e-01 6.626843286491625878e-03 5.174237567068945554e-03
3.282793058849519241e+01 -4.942412374454844270e-01 6.435423108625592040e-03 5.047891784152347752e-03
3.314184641179626567e+01 -4.795253851428576963e-01 6.366360223156675158e-03 4.880346560983536350e-03
3.345592722481097070e+01 -4.887868979745562670e-01 6.170593270365971189e-03 4.743400147170845002e-03
3.377035099287802922e+01 -4.867713321924008740e-01 6.003668321630547047e-03 4.667570552365827782e-03
3.408417757296601991e+01 -5.101085396688579410e-01 5.874006445065626039e-03 4.652074477211200210e-03
3.439796266930849100e+01 -4.779065129170729787e-01 5.747683699573223962e-03 4.523579477040763457e-03
3.471172158519765816e+01 -4.856785552093766389e-01 5.618285592629331665e-03 4.467312642812867364e-03
3.502587701217368732e+01 -4.918360264027081818e-01 5.589337499357936723e-03 4.337786923924763678e-03
3.534062478304358734e+01 -4.882446711594928268e-01 5.494092830726517857e-03 4.267594800731731343e-03
3.565509504837460497e+01 -4.906978153059224912e-01 5.327309908612145282e-03 4.063137518541690141e-03
3.596959125585713224e+01 -4.693448818234410846e-01 5.181773312337874943e-03 3.893146051026675613e-03
3.628416903799056570e+01 -4.580507062063892132e-01 5.227012242641306851e-03 3.875824135583047763e-03
3.659826341354674639e+01 -4.664926390168915304e-01 5.026800794385846705e-03 3.825943098981548704e-03
3.691253995242461627e+01 -4.668466895052246213e-01 4.846111060220753899e-03 3.745115545858839282e-03
3.722632921057968503e+01 -4.578743941380776783e-01 4.808736703542868147e-03 3.652200548363550726e-03
3.753935550971355894e+01 -4.635038992889648490e-01 4.684513312229593267e-03 3.610598769864653817e-03
3.785379232658022630e+01 -4.660082792889823633e-01 4.570401418194133814e-03 3.524151629107346619e-03
3.816820616800478660e+01 -4.504578372437791911e-01 4.496406100507210728e-03 3.482883976004968237e-03
3.848231479931133237e+01 -4.595658904188320570e-01 4.342504630896138786e-03 3.449755347043678613e-03
3.879697432587706629e+01 -4.780472390354682521e-01 4.297217614778190038e-03 3.374385260050777064e-03
3.911164570994792911e+01 -4.581896845048341049e-01 4.178074579282054987e-03 3.318168782539564210e-03
3.942657468260119913e+01 -4.661070685139157010e-01 4.133576659505313125e-03 3.269102614434431578e-03
3.973948283489760769e+01 -4.240599067010781265e-01 4.026546635329730436e-03 3.171840338266684184e-03
4.005245548296176850e+01 -4.451310314658014078e-01 3.961870928293597521e-03 3.144674385001938396e-03
4.036682030863680382e+01 -4.223418563530835779e-01 3.852187349726578832e-03 3.006955293204789832e-03
4.068114744186932796e+01 -4.126649824347441431e-01 3.800261752744354786e-03 2.984918767731975682e-03
4.099576499480517811e+01 -4.330816862740433648e-01 3.712160752578697216e-03 2.950921873119435705e-03
4.130976318196394459e+01 -4.375384057155243811e-01 3.665151781963803777e-03 2.914350176168489532e-03
4.162448535040202557e+01 -4.509060300953137701e-01 3.592215859062024806e-03 2.824102561878070322e-03
4.193979654605389129e+01 -4.517371204719309863e-01 3.478203961373377198e-03 2.777783554932507313e-03
4.225317319851522058e+01 -4.479946557959875730e-01 3.391185951003340866e-03 2.762178236973214171e-03
4.256641433781323514e+01 -4.647586197835941735e-01 3.334848530450839135e-03 2.665972806852242964e-03
4.288099131951004495e+01 -4.212565630877669887e-01 3.226461298112383649e-03 2.604292081084896848e-03
4.319529238531207227e+01 -4.316705425851725675e-01 3.169385879514515728e-03 2.532974937085314196e-03
4.350919372743798874e+01 -4.391617240405826794e-01 3.149420747119671248e-03 2.568072737429179589e-03
4.382320548037633756e+01 -4.260841948530578738e-01 3.111550626127219769e-03 2.507586178805524223e-03
4.413751936699867429e+01 -4.229241872997813734e-01 3.092852963063469351e-03 2.460237650774836898e-03
4.445166384196934217e+01 -4.307041353516217752e-01 3.056889341717633490e-03 2.377382068091453415e-03
4.476542123556563268e+01 -4.356929042418931641e-01 3.004574257209289331e-03 2.371117791188058054e-03
4.507978260833547779e+01 -4.251905293670804609e-01 2.930844150596569227e-03 2.305360941337107443e-03
4.539416664047413974e+01 -4.431778657017245160e-01 2.875857565777652051e-03 2.298763119486517577e-03
4.570872053159931880e+01 -4.525678533864284092e-01 2.784447419595751597e-03 2.291469749229617554e-03
4.602315408858807189e+01 -4.480835376045012586e-01 2.697817378693537389e-03 2.239275793636299246e-03
4.633717207632355439e+01 -4.305020028731234016e-01 2.675844677515197296e-03 2.228028857067001524e-03
4.665162098677463831e+01 -4.347039464549215526e-01 2.645323825134475275e-03 2.197132857830032780e-03
4.696632892786939095e+01 -4.294765445621645528e-01 2.617053931056414519e-03 2.132944358387402553e-03
4.727987405199097992e+01 -4.423358340391023713e-01 2.514876113623310504e-03 2.132436060747981005e-03
4.759330009272585471e+01 -4.372945028451655225e-01 2.515876614746048127e-03 2.070768131162702835e-03
4.790706627765919023e+01 -4.398803479530090099e-01 2.458178546784949015e-03 2.036829501176473569e-03
4.822175472554553011e+01 -4.542791172003636802e-01 2.399971989280500709e-03 1.978934378514245890e-03
4.853677816784124133e+01 -4.498173560251653713e-01 2.400223336349005879e-03 1.992435596091890557e-03
4.885040384225014520e+01 -4.479385720046120123e-01 2.344259502903860062e-03 1.919031641563979755e-03
4.916411662681706929e+01 -4.091634386861453532e-01 2.294507927813543759e-03 1.873221857033740200e-03
4.947784845983336766e+01 -4.328953417157673789e-01 2.268613392368945547e-03 1.855731880881856827e-03
4.979228150960553734e+01 -4.380629245419661033e-01 2.204824426733664224e-03 1.823243391379488279e-03
5.010681053719186195e+01 -4.380701994000224531e-01 2.153479465287641125e-03 1.788770142881473870e-03
5.042024126675676854e+01 -4.272287596824221878e-01 2.168368067471537850e-03 1.757135511530975511e-03
5.073470749181217343e+01 -4.109744059159592955e-01 2.120489648549933950e-03 1.749108253639753818e-03
5.104962777186486278e+01 -4.165736061456452588e-01 2.080116086291692451e-03 1.711091825662315515e-03
5.136369902186972070e+01 -4.258370908826794587e-01 2.062557773068385367e-03 1.703105744257801335e-03
5.167795909480086181e+01 -4.164722184810290551e-01 2.038197044343995328e-03 1.670812543497852878e-03
5.199237786962974894e+01 -4.203544149695925269e-01 2.041491780099048605e-03 1.642167411474398757e-03
5.230634874716525218e+01 -4.369514814423759441e-01 2.029577697410291266e-03 1.605439439585150136e-03
5.262017184055142849e+01 -4.384468153509784583e-01 1.963247280288672909e-03 1.607119930808537621e-03
5.293403523258043464e+01 -4.313649846360814166e-01 1.968591922840073460e-03 1.592706754074259571e-03
5.324821665328946096e+01 -4.197091804770358703e-01 1.934516012606196092e-03 1.572948489500895558e-03
5.356283887204177319e+01 -4.281580016486775664e-01 1.868493277521877157e-03 1.546609106551737273e-03
5.387720244005389958e+01 -4.090642643437960579e-01 1.873945524006997206e-03 1.494402874676852141e-03
5.419124100940217659e+01 -3.889238851657454421e-01 1.877348545828003926e-03 1.477705473521375053e-03
5.450540119714083431e+01 -4.226545938342703979e-01 1.830186531140896595e-03 1.479389113987089523e-03
5.481948329783215712e+01 -4.290432427671708737e-01 1.797242141202641703e-03 1.485591153880331736e-03
5.513405660294207422e+01 -4.391978848398151447e-01 1.783691101298885088e-03 1.467670448421209582e-03
5.544815237974399480e+01 -4.437632577680405976e-01 1.741996879468564376e-03 1.433664737840592085e-03
5.576127142318796359e+01 -4.273655012974801881e-01 1.743740630364634539e-03 1.422434111938651255e-03
5.607510638073839004e+01 -4.120904630564820592e-01 1.712485013502633826e-03 1.438522226973396913e-03
5.638962869123960076e+01 -4.211209249152044198e-01 1.682277706289208793e-03 1.405701695756037071e-03
5.670447763341914538e+01 -3.980497958833489336e-01 1.673044220727549786e-03 1.405855793280748941e-03
5.701820248252029444e+01 -4.275233755625319487e-01 1.646376068466524510e-03 1.391112197540119366e-03
5.733195901604897671e+01 -4.229991623900072883e-01 1.626961539923704823e-03 1.353084522971613989e-03
5.764712064958249726e+01 -4.279215726368001960e-01 1.598261516241606447e-03 1.385329035468482999e-03
5.796144533755393269e+01 -4.036860073012839001e-01 1.590512136247055827e-03 1.380114323195246167e-03
5.827543609436339977e+01 -4.166668068342395115e-01 1.569241685131491119e-03 1.350574519128996303e-03
5.858965381281051066e+01 -4.045874921085367282e-01 1.560479149466093615e-03 1.358562439953315106e-03
5.890437181848294301e+01 -4.008180577154934476e-01 1.567081509124044689e-03 1.354792711680359888e-03
5.921838271257634290e+01 -3.997980844060780581e-01 1.555280956383581735e-03 1.314770620116208861e-03
5.953173211496333295e+01 -4.006340893518460788e-01 1.531028205027076079e-03 1.315028840726709808e-03
5.984561044172004074e+01 -4.187708343657896015e-01 1.527889835606382639e-03 1.279084702714614573e-03
6.016007886770730551e+01 -4.140105396762927548e-01 1.493013525540382762e-03 1.278588471052470458e-03
6.047434222208529064e+01 -4.080365198384182657e-01 1.487432200683690055e-03 1.262509424963875488e-03
6.078819510374049884e+01 -4.052172306865249873e-01 1.459965968080633586e-03 1.247487888451773988e-03
6.110248775855733072e+01 -3.968964085609346659e-01 1.427381138840697321e-03 1.233630488498133971e-03
6.141703083107434935e+01 -4.168491687294142989e-01 1.429412277859046232e-03 1.226646642601704126e-03
6.173164932884664324e+01 -3.964553248560658827e-01 1.432654571839526688e-03 1.229374717415388256e-03
6.204511235884282172e+01 -4.036575779679815179e-01 1.404771829382991727e-03 1.191786426569220719e-03
6.235874195723437197e+01 -3.905547261223522026e-01 1.362380841047430326e-03 1.190589621106821717e-03
6.267327299667211093e+01 -4.003119502371612071e-01 1.375296508208966690e-03 1.185347171579944269e-03
6.298749759460891795e+01 -3.876332929014068562e-01 1.334703146317696258e-03 1.182394093122272286e-03
6.330160715636269231e+01 -3.881272318735434212e-01 1.351202873834410996e-03 1.171509975400858439e-03
6.361581442360031957e+01 -3.775854555199835705e-01 1.345426406007380754e-03 1.172493624702323437e-03
6.393020775293106794e+01 -3.888092450560167168e-01 1.342958147171607582e-03 1.159227827628889337e-03
6.424432944667968570e+01 -3.768328285608125716e-01 1.306042786349775539e-03 1.160466861680272462e-03
6.455877100332915575e+01 -3.908960433910793619e-01 1.294016168712686012e-03 1.147895988899536816e-03
6.487328631868861351e+01 -3.635643506082045229e-01 1.301504507559355858e-03 1.142576205198038214e-03
6.518709135059721405e+01 -3.559570590676879309e-01 1.292481591173846259e-03 1.132986986457462045e-03
6.550086614613807967e+01 -3.727861944757601687e-01 1.292615307544769162e-03 1.131802698097463629e-03
6.581507238314434005e+01 -3.830706337709709475e-01 1.272805627144634952e-03 1.110372090455840179e-03
6.612933801816515711e+01 -3.760831091694387118e-01 1.278633841243387390e-03 1.099518299819226804e-03
6.644327462264372741e+01 -3.712809671885681229e-01 1.263369399647119298e-03 1.097507996692980489e-03
6.675724024772777909e+01 -3.726388434388323012e-01 1.257901805011507612e-03 1.105909236798945225e-03
6.707202581361374882e+01 -3.622919364639765605e-01 1.250937872910793270e-03 1.090784396878091396e-03
6.738654342085472138e+01 -3.538693669361497873e-01 1.269672678350416105e-03 1.087572257158401319e-03
6.770007949974387884e+01 -3.448983557732056004e-01 1.262172427573698226e-03 1.081213000521100013e-03
6.801413046488892178e+01 -3.425905741580125841e-01 1.248376631392766238e-03 1.072189392697149189e-03
6.832828432287988107e+01 -3.291687965196135046e-01 1.237656216463562742e-03 1.059773963755184347e-03
6.864257492412163231e+01 -3.328629175997027678e-01 1.239122313306575832e-03 1.069245587030923789e-03
6.895676864647008131e+01 -3.520542046981631756e-01 1.224352838867803729e-03 1.067366006559307065e-03
6.927047835745285909e+01 -3.466527137482767196e-01 1.234001125540247663e-03 1.057484240985251314e-03
6.958493206096495953e+01 -3.419650976265086184e-01 1.234053339421117444e-03 1.059388258123716712e-03
6.989922257197353872e+01 -3.283024879822748487e-01 1.212016564463743330e-03 1.063262762335237836e-03
7.021339417045909670e+01 -3.210272817256074607e-01 1.213178844724012179e-03 1.056523472838172446e-03
7.052773897424346217e+01 -3.201191355245651682e-01 1.200676883834414640e-03 1.058842260532620594e-03
7.084189167737326898e+01 -3.055209631608089005e-01 1.190439655415121865e-03 1.053824401704446046e-03
7.115590885935685606e+01 -3.271958569195627664e-01 1.198996123807395675e-03 1.049683209120008676e-03
7.146989005821200180e+01 -3.248789629362169307e-01 1.205354859714684269e-03 1.050595510447424434e-03
7.178434609113935494e+01 -3.202507843792982145e-01 1.191027966904828223e-03 1.038712772211622783e-03
7.209885608846497007e+01 -3.185258852862168366e-01 1.182174408557102241e-03 1.033744253944905321e-03
7.241268339266662224e+01 -3.009040449840848508e-01 1.178523905397158619e-03 1.040162250636184841e-03
7.272661744860863564e+01 -3.130698373022925418e-01 1.195369102143386793e-03 1.030709729559117641e-03
7.304096595759399690e+01 -2.919172467240460644e-01 1.196804586214481785e-03 1.029553488447110992e-03
7.335551822010131673e+01 -3.040327159604941931e-01 1.201892847691887582e-03 1.032916364835180555e-03
7.366964544744810439e+01 -3.033230476402945519e-01 1.189816270974774310e-03 1.012720974963853948e-03
7.398349826217994973e+01 -3.198076389086516591e-01 1.187881976627815951e-03 1.019364263263880998e-03
7.429780723014216903e+01 -3.168453554384450532e-01 1.194871408553699029e-03 1.025734623055514451e-03
7.461168053815575263e+01 -3.178183040903401757e-01 1.182124107214653497e-03 1.035090234666307882e-03
7.492512351899900125e+01 -3.052956102147714734e-01 1.198325171831155942e-03 1.032698337308207487e-03
7.523928760255913062e+01 -3.059479824273613757e-01 1.198070060185482113e-03 1.047070021468114601e-03
7.555379959472880103e+01 -3.086037031850873413e-01 1.191221603957484188e-03 1.031377291835786211e-03
7.586808174925810988e+01 -3.077593096194266575e-01 1.200691942497504779e-03 1.040405537457828348e-03
7.618242854845652801e+01 -3.058955596643294084e-01 1.199251491839076981e-03 1.043007801739373117e-03
7.649690178579460564e+01 -2.948910488843688449e-01 1.208311744416953317e-03 1.049957413222422009e-03
7.681150884569460402e+01 -3.047278532871537937e-01 1.207585499380310927e-03 1.053716015250138506e-03
7.712553593896940640e+01 -3.010788441582297192e-01 1.214549411747368069e-03 1.072750237230299993e-03
7.743919815414901109e+01 -3.045980604257105817e-01 1.216012266653427459e-03 1.065631390010813835e-03
7.775365348898256457e+01 -2.950314736876213373e-01 1.212081080000289865e-03 1.065748961414816941e-03
7.806786624636168881e+01 -2.970382935023287430e-01 1.216941294944544729e-03 1.090384757294867455e-03
7.838145605265704319e+01 -2.819341493539071486e-01 1.223678463863711726e-03 1.089150112747338259e-03
7.869568487021912517e+01 -2.813468874737106717e-01 1.225436110116487863e-03 1.098306566155509692e-03
7.901017726154370280e+01 -2.674077426471879182e-01 1.214767132052013265e-03 1.105269239738004708e-03
7.932426967172689558e+01 -2.597086268813419418e-01 1.225661084778585479e-03 1.114711127820186727e-03
7.963800071315027651e+01 -2.668107565496727340e-01 1.228981431188589041e-03 1.120363575107256177e-03
7.995232181973354102e+01 -2.689059281918974587e-01 1.236751887041008481e-03 1.115671017231017548e-03
8.026710683187394579e+01 -2.591898559294513738e-01 1.244467055283965526e-03 1.127188160562532775e-03
8.058098841817748337e+01 -2.692202382547635997e-01 1.239203934543575041e-03 1.127875408931443583e-03
8.089485841761938900e+01 -2.781885063339709641e-01 1.233833355694945655e-03 1.116919254376347315e-03
8.120913542700235155e+01 -2.789141484005600025e-01 1.236673092113705318e-03 1.111975548371439259e-03
8.152320399729813971e+01 -2.844938203249727238e-01 1.226321288339759456e-03 1.118546464174402901e-03
8.183741234158418365e+01 -2.907904301910068656e-01 1.209249535244883269e-03 1.117699568908090768e-03
8.215150691342314815e+01 -2.999778100842401263e-01 1.210746337595231675e-03 1.109950238467533219e-03
8.246540403166144984e+01 -2.908007466526110751e-01 1.202831894129846027e-03 1.105221071693337446e-03
8.277961243172062211e+01 -2.864802316798752968e-01 1.201242183515303799e-03 1.101748514677284565e-03
8.309391379915852838e+01 -2.878064171318677200e-01 1.214421034618269222e-03 1.087936912621844049e-03
8.340841199676388840e+01 -2.648646452357862890e-01 1.201646111907500852e-03 1.094204825247917408e-03
8.372247805522263775e+01 -2.767028785629149223e-01 1.203313800437801886e-03 1.085960173965322796e-03
8.403606928155355149e+01 -2.833648950652551957e-01 1.202438535989428740e-03 1.093161020912601124e-03
8.435060771194061147e+01 -2.833040301988627996e-01 1.202517320554088867e-03 1.091325201575291158e-03
8.466537403994669830e+01 -2.741711859599277323e-01 1.213550402496467668e-03 1.085494909879883025e-03
8.497903215174325453e+01 -2.706787760111698526e-01 1.204207357121891411e-03 1.081001175850140059e-03
8.529308967219921556e+01 -2.665550415249742233e-01 1.180291738408662102e-03 1.084897239196629332e-03
8.560758620939661512e+01 -2.605741100821216127e-01 1.191120736715836279e-03 1.095221778711476550e-03
8.592176930850853012e+01 -2.656483741200042492e-01 1.195490380035801881e-03 1.079919589559017639e-03
8.623592234680224067e+01 -2.598609883407851373e-01 1.198651195655144009e-03 1.090905814690247859e-03
8.654974592180241189e+01 -2.591488119535405588e-01 1.210316156793415183e-03 1.092982299261220994e-03
8.686431801595330171e+01 -2.606736016773946729e-01 1.207664309967880142e-03 1.098556416799147594e-03
8.717831512877299360e+01 -2.513206049317819324e-01 1.219985867375379890e-03 1.105918973335755532e-03
8.749180038885013744e+01 -2.560091736991627065e-01 1.211568144521176817e-03 1.099842784399887455e-03
8.780616393456979552e+01 -2.629997783719763005e-01 1.196865096302142340e-03 1.096536228247859800e-03
8.812053080281283712e+01 -2.470584557524888591e-01 1.197051365767564865e-03 1.100665173934053595e-03
8.843467894795254836e+01 -2.435910536647740710e-01 1.214254994866615636e-03 1.102173856938338777e-03
8.874883741935526871e+01 -2.496036390093512580e-01 1.206092796874574978e-03 1.111619011680144153e-03
8.906318108032054681e+01 -2.483391112755621022e-01 1.205570288437696029e-03 1.113389109156192550e-03
8.937728738028999942e+01 -2.364241011990139418e-01 1.201186821208835012e-03 1.110584446654751993e-03
8.969136461493712886e+01 -2.401098159487938810e-01 1.214692658013509854e-03 1.124912991876512395e-03
9.000538608708266963e+01 -2.459737062850200218e-01 1.205745082503154302e-03 1.135169964932383237e-03
9.031954569533935739e+01 -2.526546803644020844e-01 1.208962623617799602e-03 1.124012947550114298e-03
9.063372571371668585e+01 -2.480622930069799892e-01 1.203847669279272271e-03 1.144483004350719396e-03
9.094768176175277574e+01 -2.442804621727715508e-01 1.193391811204973663e-03 1.138074800525107778e-03
9.126192514543302536e+01 -2.539050490524606962e-01 1.209121537529348790e-03 1.144192335582053070e-03
9.157618431004050308e+01 -2.487837242430089857e-01 1.225562045041610985e-03 1.148673460466982481e-03
9.189052044903290550e+01 -2.498046748849662713e-01 1.206013352990152653e-03 1.158066624085246936e-03
9.220482130605392967e+01 -2.504331930902166659e-01 1.209423739239374410e-03 1.157429306177299409e-03
9.251884607514890035e+01 -2.502041319658012686e-01 1.205771972851412722e-03 1.153040728675384279e-03
9.283303729693140838e+01 -2.410739935629689079e-01 1.213569694821178303e-03 1.152564176025485006e-03
9.314717990438124673e+01 -2.482182999836978488e-01 1.214580616649580617e-03 1.147279236339049206e-03
9.346110245869820687e+01 -2.500803385625082753e-01 1.225279789053853414e-03 1.153685439900838626e-03
9.377539067864897504e+01 -2.578492573588010428e-01 1.218960123398369700e-03 1.153454965126267037e-03
9.408974975329175550e+01 -2.378334611678478427e-01 1.220544537518239610e-03 1.152055854378339263e-03
9.440389065687497805e+01 -2.451994029939495168e-01 1.234352492795383685e-03 1.164698640148278388e-03
9.471762225078724384e+01 -2.384566679180662452e-01 1.230165364718815556e-03 1.161421897381469202e-03
9.503189844255133778e+01 -2.399195999837466231e-01 1.242922925242257630e-03 1.175972194576881472e-03
9.534641686142936123e+01 -2.309351555005550449e-01 1.246047793662962084e-03 1.172380746785802678e-03
9.566011079292637476e+01 -2.432694921120310549e-01 1.239431852041322736e-03 1.186993697407496455e-03
9.597411172270480506e+01 -2.257009751691350652e-01 1.235039165860476670e-03 1.202579656154942073e-03
9.628850528735904390e+01 -2.078603271743534320e-01 1.240312359605752436e-03 1.209834576786298970e-03
9.660324551759315170e+01 -2.116365732408273526e-01 1.240869926375321418e-03 1.211600939714112257e-03
9.691703557560205695e+01 -1.934414587799991592e-01 1.248758518284599252e-03 1.208522886684146964e-03
9.723041430629675119e+01 -2.062609322021902170e-01 1.271537535343364575e-03 1.200200053121779986e-03
9.754484307012232591e+01 -2.068154918396004627e-01 1.291462482785747093e-03 1.214300181023234134e-03
9.785940598661414924e+01 -1.909404879049853287e-01 1.269583513865433187e-03 1.217031375858054895e-03
9.817375460369085260e+01 -2.173737240454326480e-01 1.294718690307086273e-03 1.217495161440901958e-03
9.848776640509666436e+01 -1.963768165282382960e-01 1.295610705208544546e-03 1.222823815347658582e-03
9.880206887482727041e+01 -2.050351443142542085e-01 1.307829661470982308e-03 1.221066474717538534e-03
9.911663016824624606e+01 -2.209443215809839545e-01 1.305104514900764243e-03 1.220840225104748373e-03
9.943058596528010185e+01 -2.147475609287422260e-01 1.339227806157986629e-03 1.235666186063925833e-03
9.974439643442121906e+01 -2.041220090111839636e-01 1.333835426442294466e-03 1.238347920607233994e-03
1.000586520672233490e+02 -1.981975177411151867e-01 1.341185424859082757e-03 1.232014134428609329e-03
1.003726311243779179e+02 -1.954248202849329374e-01 1.359550097719249961e-03 1.242205372656655666e-03
1.006863609310031933e+02 -1.992908596592254944e-01 1.374290971026651464e-03 1.272940818083345606e-03
1.010005540192626654e+02 -1.997408941727386589e-01 1.386714526604641666e-03 1.259414448063663362e-03
1.013152026415403526e+02 -1.978161169512296924e-01 1.399543049651645913e-03 1.261962341962993882e-03
1.016293679138634474e+02 -2.096033413441472648e-01 1.404241562451652610e-03 1.267598774549420900e-03
1.019430501884507123e+02 -2.081707117451935818e-01 1.428436916443415671e-03 1.271202066005320055e-03
1.022572449755250830e+02 -1.979067003027271954e-01 1.430997736696370615e-03 1.280181043367989565e-03
1.025718418130836085e+02 -1.969348254022141587e-01 1.441174106209862447e-03 1.279310117825185672e-03
1.028861911017171309e+02 -2.077589513100431273e-01 1.442376317976334270e-03 1.310681434006110303e-03
1.032002231702024488e+02 -1.978222152193810091e-01 1.459783716817128311e-03 1.318543390353801078e-03
1.035146392105253028e+02 -1.882268405306070369e-01 1.478061158492403144e-03 1.332204384060005180e-03
1.038292359262971019e+02 -1.855263779386528977e-01 1.497435794673681979e-03 1.342388300204874763e-03
1.041427121533907894e+02 -1.878328452861423303e-01 1.505030222414798467e-03 1.354840252747365305e-03
1.044561295689368592e+02 -1.919582822339636341e-01 1.494100474160845729e-03 1.373391170041923098e-03
1.047708650889197202e+02 -1.804769601894262998e-01 1.528822419245605239e-03 1.365747156725848066e-03
1.050851522319120050e+02 -1.786290553509586598e-01 1.538014100177510475e-03 1.371213622890147480e-03
1.053986366683002274e+02 -1.583552667153970694e-01 1.553498227137295245e-03 1.394162283613428538e-03
1.057127898378478079e+02 -1.596851775679734298e-01 1.570267149115723865e-03 1.396791271851920624e-03
1.060268944924848569e+02 -1.628898729972595716e-01 1.579484347006412893e-03 1.419706547670151380e-03
1.063410375396088767e+02 -1.516001988561442027e-01 1.599707189596163330e-03 1.411661875196694015e-03
1.066553351020730247e+02 -1.620949434707637526e-01 1.623733201726675979e-03 1.451147173834739425e-03
1.069700059615547190e+02 -1.522470537114360700e-01 1.647362345625763341e-03 1.443293290690393638e-03
1.072844699292986519e+02 -1.523123999450942123e-01 1.657870370277453537e-03 1.458177399833227462e-03
1.075978948412114846e+02 -1.590050838311309056e-01 1.678315005694876530e-03 1.462522346738935912e-03
1.079120166734675905e+02 -1.492624522452545843e-01 1.707022322869934010e-03 1.470964966829875877e-03
1.082265240460195344e+02 -1.405454449089411639e-01 1.704331829162807109e-03 1.481868645017929810e-03
1.085408584143816313e+02 -1.382265114238628856e-01 1.740379513403319004e-03 1.511099839014151463e-03
1.088549564965246503e+02 -1.396866877639812154e-01 1.754768801565430650e-03 1.513617762333160444e-03
1.091688370133313128e+02 -1.384989960640025386e-01 1.792134321424649615e-03 1.515682336569999485e-03
1.094827263230301497e+02 -1.358696803174795908e-01 1.812369992837494165e-03 1.513335222834124834e-03
1.097969070918947239e+02 -1.402732154140847731e-01 1.819307101274187429e-03 1.516479655877926887e-03
1.101108614334973623e+02 -1.150984172586210913e-01 1.865528597890757714e-03 1.563692911204137091e-03
1.104249250424424247e+02 -1.381048191137423664e-01 1.863579739811462932e-03 1.590756310539082974e-03
1.107396862323123798e+02 -1.171842992129417393e-01 1.861054877263412094e-03 1.599976704403070511e-03
1.110537909171902697e+02 -1.440871200016945741e-01 1.877180052861061443e-03 1.606643736358517177e-03
1.113669060996339368e+02 -1.161819431610711661e-01 1.911307616824050714e-03 1.616325948999407756e-03
1.116813961317518391e+02 -1.234499432125521906e-01 1.957971884081469681e-03 1.639271803836917472e-03
1.119964394851646432e+02 -1.148811094290872886e-01 1.950609815734689499e-03 1.658910674320365807e-03
1.123100421113602607e+02 -1.206372614735194415e-01 1.992287256635338986e-03 1.661289632611137775e-03
1.126240536101794447e+02 -1.241957701141663678e-01 1.998020990095117529e-03 1.687285906533348345e-03
1.129379966505166095e+02 -1.178968365251293338e-01 2.025464469658700643e-03 1.690789685992026038e-03
1.132518883338644571e+02 -9.783945498752780190e-02 2.025069940903382985e-03 1.693359227277014883e-03
1.135651955722218958e+02 -9.342937322562801239e-02 2.047434846357558576e-03 1.709498176941231466e-03
1.138794864110013094e+02 -9.209788551611695906e-02 2.052809998699670763e-03 1.685465529147889925e-03
1.141949152711211468e+02 -8.595132783747730376e-02 2.090475306243153291e-03 1.666704016846418546e-03
1.145085006125939486e+02 -9.135475300378401164e-02 2.093788033219591647e-03 1.685928289975738032e-03
1.148226787009071472e+02 -8.208419441838235575e-02 2.104082527371126544e-03 1.709328055779944441e-03
1.151376864260383286e+02 -6.979093660746485406e-02 2.132904373521201952e-03 1.673771365378952250e-03
1.154516629928821345e+02 -6.234285686845512237e-02 2.177035283000403835e-03 1.717477840691838649e-03
1.157653370245882627e+02 -6.907754655896884699e-02 2.187282279816740553e-03 1.671177181021922965e-03
1.160792451527899374e+02 -5.490375277233698614e-02 2.195911723037955506e-03 1.688283010248542741e-03
1.163937924399171351e+02 -6.619147509550127317e-02 2.177118493889657058e-03 1.715606470871962243e-03
1.167077718997228715e+02 -3.713920400917784803e-02 2.260006931904948342e-03 1.720934121563688071e-03
1.170209684355608175e+02 -4.979047375479367377e-02 2.248919411359650601e-03 1.724451239815586118e-03
1.173353550341486908e+02 -4.156142193188694378e-02 2.277173812610999715e-03 1.717475940626797797e-03
1.176501645799607303e+02 -5.757605459233920697e-02 2.314223648115371068e-03 1.764603415221861456e-03
1.179644947224674354e+02 -4.036241862226358501e-02 2.313804840865601141e-03 1.766423677964736256e-03
1.182776938495577781e+02 -4.159500137232822331e-02 2.349408232602637984e-03 1.806325712443334697e-03
1.185912892856654111e+02 -4.980876949263309678e-02 2.376936637509042150e-03 1.811853533131739698e-03
1.189070451600216956e+02 -2.930496749325164907e-02 2.403401167179673205e-03 1.812292012934411207e-03
1.192214046293417056e+02 -2.729241505542402343e-02 2.468910994522772670e-03 1.812555836455892163e-03
1.195346291216650485e+02 -1.324078938640973341e-02 2.507609176981531480e-03 1.835086060110621871e-03
1.198494069192820177e+02 -8.086790747592274495e-03 2.540703838817277415e-03 1.883604149378296936e-03
1.201651774213734711e+02 2.655377220413106601e-03 2.565887005562424421e-03 1.838121071349832145e-03
1.204786536827043477e+02 1.073255074325033280e-03 2.605847103186904445e-03 1.905254267595090940e-03
1.207915400692489953e+02 2.272922720713181632e-02 2.634332120927931811e-03 1.934320745344979319e-03
1.211071928381454228e+02 2.362184149924275930e-03 2.716779587280148886e-03 1.935457855935645947e-03
1.214215028776850147e+02 2.328747794821110773e-02 2.715043691252091475e-03 1.993404775671717664e-03
1.217338884389058649e+02 4.343791355776214537e-03 2.770723202698501756e-03 2.015118988623219518e-03
1.220485106288860493e+02 1.206870074242344989e-03 2.787238800976550752e-03 1.986909015502655827e-03
1.223649490634236514e+02 1.736327500595205575e-02 2.847632990541019114e-03 2.055108653358443237e-03
1.226784559227979088e+02 3.213271835943662391e-02 2.893598099532595537e-03 2.103593150913985691e-03
1.229900019072183710e+02 2.458882628154928501e-02 2.890644908264229825e-03 2.164956557488147658e-03
1.233054617452374941e+02 3.043259652277740396e-02 2.851187412454003495e-03 2.211825230766652911e-03
1.236207153644814696e+02 4.039877832996963819e-02 2.960983091532470336e-03 2.205146162146062044e-03
1.239331775844842269e+02 4.071046373881555963e-02 2.999819145992553907e-03 2.260528906125042550e-03
1.242467158139630072e+02 3.615373746989482967e-02 3.049478220624803147e-03 2.279134736330682125e-03
1.245621415556689300e+02 4.435480105232666309e-02 3.124828138368839024e-03 2.329129466882252138e-03
1.248777688129184185e+02 2.735832973751659014e-02 3.160550030817465151e-03 2.377270982361558756e-03
1.251901895103835471e+02 4.511152149272579931e-02 3.279208825971355584e-03 2.386024827411259343e-03
1.255025226680442643e+02 9.401421154382304246e-02 3.319399742185518126e-03 2.426936283726445747e-03
1.258194076678557138e+02 6.169950205562733242e-02 3.359450939535421621e-03 2.490521207262388556e-03
1.261348474644680522e+02 9.143564622576401402e-02 3.375874062877927753e-03 2.500967118671874618e-03
1.264456058988723584e+02 8.799855250771207449e-02 3.406274911190552198e-03 2.475280441593660351e-03
1.267597475488652208e+02 1.006791357638960188e-01 3.479979889742064111e-03 2.552712290489445816e-03
1.270776507546071201e+02 7.686191351005582095e-02 3.453247562199476210e-03 2.543286897277752170e-03
1.273916799420037762e+02 9.146241636940283248e-02 3.578227986796475926e-03 2.611008187857583387e-03
1.277013863115962664e+02 1.387279686945807611e-01 3.678771091190764959e-03 2.619333257147185654e-03
1.280167859978632805e+02 1.141919172399441518e-01 3.718158620621503461e-03 2.673322482042440797e-03
1.283361908734028702e+02 1.132349315511418514e-01 3.804585418816028818e-03 2.768421027525978968e-03
1.286473756702684170e+02 1.145652662993018878e-01 3.985151133943072924e-03 2.847029793153493457e-03
1.289556262653206886e+02 1.168382626813476988e-01 4.071277229981956972e-03 2.784489269769263586e-03
1.292737748060940248e+02 1.055942760133138786e-01 4.083187286081719353e-03 2.974823348636062865e-03
1.295925097523526404e+02 1.350240348108700528e-01 4.085180283678083515e-03 2.961891048500748472e-03
1.299029660740884253e+02 1.028315077139951433e-01 4.210906584925205864e-03 3.164152572251862153e-03
1.302148579946444045e+02 9.263015365650308086e-02 4.313890729083866976e-03 3.118571956921838313e-03
1.305337248755816688e+02 9.889953168873406864e-02 4.462769896772936402e-03 3.379320877236979132e-03
1.308466417091605081e+02 3.700795547586051282e-02 4.572060902381233291e-03 3.408195232678132552e-03
1.311504272509779696e+02 5.415498489408936996e-05 4.825023231892242720e-03 3.600103195284446930e-03
1.314698765474287825e+02 7.216856348777143243e-03 4.939212864293759074e-03 3.761960403265842117e-03
1.317955287853964421e+02 2.888190233493883458e-02 4.883457383285028618e-03 3.667221718120155377e-03
1.321014893121398757e+02 2.315353051549271998e-02 4.970219467520153346e-03 3.858571348854153340e-03
1.324019756095517835e+02 1.912772245098929777e-02 5.145907337743600360e-03 3.931010509041097008e-03
1.327270481147153305e+02 -2.058565498201902350e-02 5.275909116586601118e-03 4.228987503650612559e-03
1.330590141288029429e+02 -1.305661462414049734e-02 5.670063335948357167e-03 4.305252070298340797e-03
1.333597573729420844e+02 -7.226550865341456464e-02 6.144791680017518132e-03 4.529468084823067876e-03
1.336545450502629535e+02 -5.342826999423157253e-02 6.500128869803125341e-03 4.700488915833110799e-03
1.339865882222744347e+02 -4.853243231596855028e-02 6.186689740603743687e-03 4.647459914302060763e-03
1.343233465511614213e+02 -5.908216774725436049e-02 6.045219455725756724e-03 4.939820039673900598e-03
1.346099178234919407e+02 -8.530551233511296516e-02 6.047541359608850538e-03 4.948648518282787283e-03
1.348982338606730309e+02 -6.678951539903525692e-02 6.337329854037752896e-03 4.983101164384937283e-03
1.352445969684641227e+02 -2.635526525760589593e-03 6.640719338871597238e-03 5.431984451376321681e-03
1.355910131574484012e+02 -5.465549278494799372e-03 6.554624253475515964e-03 5.381281810026097324e-03
1.358548951693456672e+02 -3.464229040478277594e-02 6.449891544507868613e-03 5.923041772196926610e-03
1.361393223299698718e+02 2.277303100441595285e-02 7.799262959145425791e-03 6.341943078197152805e-03
1.364973923434689027e+02 -1.133330376394313804e-01 8.819717793727926622e-03 6.455957093526738452e-03
1.368532643902742336e+02 2.765715475027301709e-02 8.912746853360863780e-03 6.289407293998953985e-03
1.371244101954353596e+02 8.237273583408624700e-02 9.196017149129482107e-03 7.887599711558715074e-03
1.373936659185979750e+02 3.012540627719243261e-02 9.862485085902690171e-03 7.020388428499055485e-03
1.377521569172451166e+02 1.540657230818200385e-01 1.066319371260355739e-02 7.441557953961156283e-03
1.381099672185708016e+02 1.179424269793401536e-01 1.259310915809406899e-02 8.402937550620895313e-03
1.383946394093705123e+02 1.244977733376051617e-02 1.704641704149546452e-02 1.216746688229243707e-02
1.386415991234134992e+02 1.527283008083840654e-01 1.979820791041305914e-02 1.670366457253779843e-02
1.389827905860589681e+02 -2.057293299108317250e-02 3.038486226484326744e-02 2.978990660343593805e-02
1.392997911731879128e+02 -6.185911129232432581e-02 1.061281935486906858e-01 1.022495723908706661e-01
