4.449820612348476812e-01 -9.289267896474324715e-01 2.011892929817013176e+00 1.896661353385897586e+00
7.539561082532788561e-01 -7.869924807787198606e-01 1.249871984379121947e+00 1.069367220639740212e+00
1.072395093228418306e+00 -3.752222207856981129e-01 5.267358042765741821e-01 5.612823124875300218e-01
1.391830388244638339e+00 -2.789445722964757346e-01 3.143778196552795001e-01 3.131501950164050085e-01
1.717549892901705233e+00 -2.448026637791891613e-01 2.132597423130299930e-01 2.200021926886918389e-01
2.023943380712872830e+00 -3.970589160291806974e-01 1.622193479157901519e-01 1.640364945754198278e-01
2.338358341787839745e+00 -3.850400220569562548e-01 1.397514457813782141e-01 1.219030517400737784e-01
2.654112550882975707e+00 -2.635631137490723752e-01 1.257563341506369170e-01 1.067680189845324062e-01
2.972681220470295038e+00 -3.847590873622007690e-01 1.039765293530885149e-01 9.028425989956896658e-02
3.288112407294395911e+00 -3.641149944959218288e-01 9.680462392317698561e-02 7.370601967430770451e-02
3.598316453349367894e+00 -3.150176723858421624e-01 8.805804669614719637e-02 6.639106681357542783e-02
3.913930457844173816e+00 -3.406994472972862398e-01 8.400685230030049966e-02 6.384364921856061637e-02
4.235199472917269503e+00 -3.286564296642184857e-01 7.062875453231931555e-02 6.118267422638112157e-02
4.548427310263685186e+00 -2.925795715669606833e-01 6.374295719649959724e-02 6.052013832164936796e-02
4.860394888415106252e+00 -3.671213568722417886e-01 5.893485312186761554e-02 5.272977938995299790e-02
5.173815194796832273e+00 -3.480789401294837049e-01 5.634308568041131171e-02 5.196990643164383500e-02
5.487882221272795569e+00 -3.645068417671297190e-01 5.270536367906407393e-02 5.003577891284806400e-02
5.802715423900465908e+00 -3.818676137283973926e-01 5.195309557249865040e-02 4.547515345514252516e-02
6.118348332687426172e+00 -3.665347738163425295e-01 4.752307881213022750e-02 4.449850165160904730e-02
6.434086315451469140e+00 -3.799281565155437912e-01 4.418649285037731106e-02 4.084304741765968499e-02
6.747504008320403202e+00 -3.891793562534050510e-01 4.167799932499569732e-02 3.719781549685604455e-02
7.059747794210737837e+00 -3.686537681320083970e-01 3.976094456039493824e-02 3.332281939778114488e-02
7.375667878737341532e+00 -3.625977778131416196e-01 3.673539723959196035e-02 3.250938939831592850e-02
7.689325371261341857e+00 -3.865698622918454785e-01 3.586236974545482098e-02 2.906184216219218769e-02
8.003287720255551463e+00 -4.038163443732517566e-01 3.389776782403065847e-02 2.777444904214413160e-02
8.319955843435401732e+00 -3.986887465827505528e-01 3.192952822814562608e-02 2.593436208867290482e-02
8.635978228882212449e+00 -4.208266565075421961e-01 2.996719021430356220e-02 2.422752749491393839e-02
8.948826066885422037e+00 -4.366856620264406574e-01 2.910714969580945055e-02 2.272038277450083577e-02
9.261768453239259458e+00 -4.177507267460351392e-01 2.781387063083479161e-02 2.109897478519629985e-02
9.574033936705786729e+00 -4.193567949339002121e-01 2.593979401333771154e-02 1.989759190321273991e-02
9.889449343257677327e+00 -4.078127831803482484e-01 2.415472408740720542e-02 1.834873027444370794e-02
1.020468867723862161e+01 -4.252366081750972304e-01 2.277987223639340794e-02 1.813974968437457452e-02
1.051969651304922948e+01 -4.407449589721692540e-01 2.118445340644315236e-02 1.698588512545691140e-02
1.083454854911150811e+01 -4.546087753914914709e-01 2.032742151411443682e-02 1.650961358979926089e-02
1.114850140608075968e+01 -4.175018474772270172e-01 1.922973250100612833e-02 1.552508959831033590e-02
1.146310013543170925e+01 -4.348510176159776086e-01 1.792346157405501697e-02 1.504733221212810161e-02
1.177570754183406088e+01 -4.268012211695879077e-01 1.701274875067190426e-02 1.377893928957561569e-02
1.208955291908929475e+01 -4.236828807958931131e-01 1.620315615409427881e-02 1.340679969955882282e-02
1.240428269719809684e+01 -4.520894255381526783e-01 1.539685464679705143e-02 1.265498995109129790e-02
1.271746128436477186e+01 -4.117132950313370232e-01 1.428093928162198906e-02 1.202961502436310053e-02
1.303167125942402471e+01 -4.465309780053795530e-01 1.360337111988954399e-02 1.134645099214848414e-02
1.334628685448480212e+01 -4.314126558655007049e-01 1.233071776019984724e-02 1.087756122936736972e-02
1.366211671570577835e+01 -4.402840157042397506e-01 1.192021460145447839e-02 1.038997140596274044e-02
1.397764840042207979e+01 -4.435095671735954648e-01 1.106823362326101248e-02 9.632157135657777244e-03
1.429183146157246576e+01 -4.471991817982731154e-01 1.075421321759170018e-02 9.093632557238556444e-03
1.460438135697155637e+01 -4.387118063299323412e-01 1.022074634700045372e-02 8.739171198325660153e-03
1.491724922219911242e+01 -4.208760182642951597e-01 9.597316466489586376e-03 8.413132792513449212e-03
1.523191319703598623e+01 -4.355003858971500108e-01 9.117566198810690692e-03 8.016896477145618941e-03
1.554639563501598509e+01 -4.315932451922760427e-01 8.807191520931114889e-03 7.654583152369611246e-03
1.586084085809198996e+01 -4.350062575984004476e-01 8.329213430401057050e-03 7.445975417703909298e-03
1.617593783972211341e+01 -4.542944620425379831e-01 7.629208642671169056e-03 6.853896115461212586e-03
1.649084108775197777e+01 -4.455518886646302468e-01 7.221061332367877984e-03 6.735104277891374412e-03
1.680588214728578222e+01 -4.602687187783459644e-01 6.973245756770512886e-03 6.445911007135633579e-03
1.711850187854636829e+01 -4.454653312843701585e-01 6.592137233918208238e-03 6.112122285774933446e-03
1.743239096333134697e+01 -4.228443696511155481e-01 6.291598100256408019e-03 5.999074350252424359e-03
1.774705807205658914e+01 -4.341631723895064132e-01 6.088786525583109698e-03 5.619073919519971920e-03
1.805958467710519955e+01 -4.475975586867808609e-01 5.691213777975379084e-03 5.362187716412517013e-03
1.837383544781786071e+01 -4.718330579304190198e-01 5.491405941020423460e-03 5.188203642918417895e-03
1.868823897638795373e+01 -4.769449143356399023e-01 5.228401769477158782e-03 5.024170417496625490e-03
1.900327015737565972e+01 -4.631151185811315796e-01 4.980507213953487208e-03 4.764323139119934318e-03
1.931769930629911514e+01 -4.405002200654961619e-01 4.783450984120688441e-03 4.591712611869013319e-03
1.963070090682224844e+01 -4.940940386536068485e-01 4.682152173161583351e-03 4.439205959205705203e-03
1.994632250160967146e+01 -4.565120172018034550e-01 4.362518743001218835e-03 4.308500684085337686e-03
2.026036622288414080e+01 -4.808827299871231697e-01 4.248783395450654761e-03 4.325600425699506653e-03
2.057458238785238436e+01 -5.163662221340198366e-01 4.065480205639046378e-03 3.995593482320620483e-03
2.088907136058245584e+01 -4.687724626277868234e-01 4.021813719729752309e-03 3.868125371407842017e-03
2.120200324362565425e+01 -4.922805916869050780e-01 3.799475013280997036e-03 3.731075613143533705e-03
2.151712845135095975e+01 -5.094624465856396611e-01 3.646277254001375773e-03 3.616548094342876638e-03
2.183179280127812660e+01 -4.937204818910927995e-01 3.504004149267402057e-03 3.585778944108351796e-03
2.214498091610381536e+01 -5.235334706928420623e-01 3.409745264291103809e-03 3.354649361164114153e-03
2.245817209264929559e+01 -4.920784682914710606e-01 3.349864297653344387e-03 3.176032562255133151e-03
2.277207073127366144e+01 -5.283219570003102605e-01 3.191468835198242853e-03 3.102027531617822503e-03
2.308817235150528901e+01 -5.175088028915588723e-01 3.121096514989120645e-03 2.951542286567752742e-03
2.340322121011855216e+01 -5.155963673347431220e-01 3.028852145688257745e-03 2.815252201878633460e-03
2.371742621382182747e+01 -5.576958164749735714e-01 2.943382605343844959e-03 2.718099292496248872e-03
2.403178068407699897e+01 -5.440689597803763933e-01 2.867444007772661663e-03 2.612261339910862748e-03
2.434509629194348435e+01 -5.569957463932279085e-01 2.750688148100684759e-03 2.589152521796019967e-03
2.465848549799978073e+01 -5.361698608762194285e-01 2.614598342549945970e-03 2.453135885884859344e-03
2.497253373572267776e+01 -5.555539737881820539e-01 2.481618003015992509e-03 2.433100017725843903e-03
2.528579525667710470e+01 -5.462561298539057031e-01 2.388248844282455947e-03 2.300691689024100470e-03
2.559961998134047434e+01 -5.576044158365898173e-01 2.378238873434634481e-03 2.256349951891761969e-03
2.591563048884203013e+01 -5.475880980332287207e-01 2.266449062721415976e-03 2.132521403434775240e-03
2.623044819014549844e+01 -5.732992861093104686e-01 2.210020590202372258e-03 2.077832813519631810e-03
2.654378654241668301e+01 -5.551469616717522593e-01 2.148880023419676502e-03 2.041604863535637776e-03
2.685786763973363023e+01 -5.380173177742925139e-01 2.048648383346708679e-03 1.995287080050768633e-03
2.717289781891895828e+01 -5.015464829954271453e-01 1.965851469598011748e-03 1.868766292474826479e-03
2.748715326196108677e+01 -5.339846567031413249e-01 1.944425735623173980e-03 1.824503813571529479e-03
2.779968713750889009e+01 -5.424449857492722460e-01 1.910793205073703285e-03 1.775970305159176770e-03
2.811427338304828538e+01 -5.285011431415121974e-01 1.810142340811486715e-03 1.739480514418617358e-03
2.843005768613632966e+01 -5.530498994521951817e-01 1.791819973141107677e-03 1.656502436272103531e-03
2.874402294711039474e+01 -5.611200717012964079e-01 1.791077479364021428e-03 1.571063067507654128e-03
2.905775105170279815e+01 -5.614275826953853965e-01 1.703639832585442061e-03 1.559639982059524881e-03
2.937197248330484101e+01 -5.640944332318940102e-01 1.663361158597932666e-03 1.512932526626533866e-03
2.968588110148449744e+01 -5.698023209751427176e-01 1.608044484534822084e-03 1.462128380362164764e-03
2.999985977396841008e+01 -5.598131990446422179e-01 1.580250995798169458e-03 1.425221744565125870e-03
3.031339557562138509e+01 -5.545698764394049185e-01 1.573485596783024375e-03 1.381451980666514260e-03
3.062734788222267213e+01 -5.673609529862144729e-01 1.501484854388782575e-03 1.334055877353254940e-03
3.094238866520757369e+01 -5.704019105219337860e-01 1.487548602786634405e-03 1.301961480294634059e-03
3.125655283718949562e+01 -5.420931623718454606e-01 1.446184172509216428e-03 1.286810685650341401e-03
3.157013725191605147e+01 -5.475645740820348495e-01 1.404024498133188588e-03 1.263884505157136448e-03
3.188501781366027643e+01 -5.518559992687782634e-01 1.362064808696344552e-03 1.213050313494386506e-03
3.219928891657278314e+01 -5.336075126384990375e-01 1.333292978023061003e-03 1.208013943845073464e-03
3.251342708583055696e+01 -5.329859949735287206e-01 1.291407234562001608e-03 1.165996987254032087e-03
3.282793058849519241e+01 -5.483950606571065256e-01 1.270772299834378120e-03 1.144611152132036808e-03
3.314184641179626567e+01 -5.101307676005323311e-01 1.217762758818196050e-03 1.114764595319535931e-03
3.345592722481097070e+01 -5.355358594695996954e-01 1.204846607302007379e-03 1.088974376469012146e-03
3.377035099287802922e+01 -5.228669737202570333e-01 1.175323680352322693e-03 1.052553570796637512e-03
3.408417757296601991e+01 -5.263877567923339607e-01 1.152605700525527466e-03 1.012961242769937122e-03
3.439796266930849100e+01 -5.184257886394366688e-01 1.121445894780782881e-03 9.990487582384006623e-04
3.471172158519765816e+01 -5.408357704829575008e-01 1.093584850366224144e-03 9.681148874149020410e-04
3.502587701217368732e+01 -5.267234077228291067e-01 1.076790160297378448e-03 9.466493967581596745e-04
3.534062478304358734e+01 -5.135249597753880346e-01 1.036524279969592687e-03 9.363658684572205093e-04
3.565509504837460497e+01 -4.976796427589352811e-01 1.028552465512557607e-03 9.207318874707020066e-04
3.596959125585713224e+01 -5.317145290931754031e-01 1.001430899039152354e-03 9.059630875144271010e-04
3.628416903799056570e+01 -4.917721974492193504e-01 9.825826423614854744e-04 8.901456547995497152e-04
3.659826341354674639e+01 -5.072899758080958721e-01 9.450917435765520107e-04 8.598208826259647920e-04
3.691253995242461627e+01 -5.143090271036604433e-01 9.179597995121692357e-04 8.502074143166374895e-04
3.722632921057968503e+01 -5.044583164613336557e-01 9.078016342989865626e-04 8.356005072707204740e-04
3.753935550971355894e+01 -5.223746158932740524e-01 8.928089800454815442e-04 8.124413195992093032e-04
3.785379232658022630e+01 -4.989468686793723240e-01 8.637537938501758982e-04 7.774122590343373858e-04
3.816820616800478660e+01 -5.113170563673197222e-01 8.738762064566065781e-04 7.737538462353118216e-04
3.848231479931133237e+01 -4.983149014812828792e-01 8.681882605152233152e-04 7.458350357040497737e-04
3.879697432587706629e+01 -4.832141904459268389e-01 8.523220732629399610e-04 7.408645505467234852e-04
3.911164570994792911e+01 -5.091258722540873416e-01 8.079344139887233546e-04 7.126437308056697778e-04
3.942657468260119913e+01 -5.267865948436206702e-01 7.905880981723192868e-04 7.150878338056967888e-04
3.973948283489760769e+01 -5.187066266779093437e-01 7.785251534469414232e-04 6.942502881493743585e-04
4.005245548296176850e+01 -5.119742562559324028e-01 7.654084622970837260e-04 6.880865842097661465e-04
4.036682030863680382e+01 -5.147050315571980450e-01 7.441707590806861646e-04 6.675300376866792444e-04
4.068114744186932796e+01 -4.963480104664258485e-01 7.241844160234931112e-04 6.475482873710852218e-04
4.099576499480517811e+01 -4.767069304149608167e-01 7.186459902225525703e-04 6.495798089904566107e-04
4.130976318196394459e+01 -4.956886452822857336e-01 6.983584098153504350e-04 6.395685924254674876e-04
4.162448535040202557e+01 -4.940069832606374667e-01 6.750583864528591615e-04 6.296037542783110980e-04
4.193979654605389129e+01 -5.156553896516632429e-01 6.692391519598457151e-04 6.105395298451885607e-04
4.225317319851522058e+01 -4.962432756373745257e-01 6.645196636958941670e-04 6.028967196628759592e-04
4.256641433781323514e+01 -4.736396063503098830e-01 6.509732745435118425e-04 5.840956541459422450e-04
4.288099131951004495e+01 -4.887333221747063305e-01 6.359799945166182047e-04 5.827317234687367023e-04
4.319529238531207227e+01 -5.145499065501980551e-01 6.280016940297312479e-04 5.771600666020741807e-04
4.350919372743798874e+01 -5.291498447126889992e-01 5.957372058152999618e-04 5.705870943558165667e-04
4.382320548037633756e+01 -5.052550678114896554e-01 5.872970241092474470e-04 5.532641942827020484e-04
4.413751936699867429e+01 -4.906250063846515630e-01 5.975872998580296922e-04 5.499224154693270169e-04
4.445166384196934217e+01 -4.931778672282908227e-01 5.671475612407769935e-04 5.428950525118231762e-04
4.476542123556563268e+01 -4.816591848621560867e-01 5.620737373461707305e-04 5.221769618914338636e-04
4.507978260833547779e+01 -4.783290774159383307e-01 5.379501912422718400e-04 5.230590297359895844e-04
4.539416664047413974e+01 -4.704171051227341027e-01 5.410143149137685995e-04 4.997349993102201274e-04
4.570872053159931880e+01 -4.906232147386747622e-01 5.298138592370007409e-04 4.919048210198522951e-04
4.602315408858807189e+01 -4.773317044047646895e-01 5.143199350401770741e-04 4.812132686154896354e-04
4.633717207632355439e+01 -4.776866922997812792e-01 5.188436742090481342e-04 4.774448218230234703e-04
4.665162098677463831e+01 -4.856577830564119957e-01 5.111386717590607693e-04 4.616856586795757078e-04
4.696632892786939095e+01 -4.923136943708600888e-01 4.997376818549056432e-04 4.676906630808516088e-04
4.727987405199097992e+01 -4.858813742345833298e-01 4.825676685964356378e-04 4.488608747011136593e-04
4.759330009272585471e+01 -4.785168875245460196e-01 4.752892070908425171e-04 4.529214616212939339e-04
4.790706627765919023e+01 -4.739370915999140954e-01 4.739438368380395638e-04 4.443740607117899091e-04
4.822175472554553011e+01 -4.858341092840365305e-01 4.664197522059847093e-04 4.364850369693260576e-04
4.853677816784124133e+01 -4.748107719875869770e-01 4.557363397280613719e-04 4.245335507592781321e-04
4.885040384225014520e+01 -4.762093784116924744e-01 4.682194769721844296e-04 4.230339307720969969e-04
4.916411662681706929e+01 -4.771455511366256563e-01 4.553532078587287394e-04 4.174031578500950841e-04
4.947784845983336766e+01 -4.676419723973014864e-01 4.378850607355392645e-04 4.126042070146632872e-04
4.979228150960553734e+01 -4.638654088023965172e-01 4.477448148034578602e-04 4.072572622088178711e-04
5.010681053719186195e+01 -4.450219714521564951e-01 4.294404227425427487e-04 4.028425393224855863e-04
5.042024126675676854e+01 -4.724752251515269008e-01 4.151185954724144521e-04 3.951047164133773696e-04
5.073470749181217343e+01 -5.007532163736877484e-01 4.000896460694320137e-04 3.862514937848139261e-04
5.104962777186486278e+01 -4.921131533940528158e-01 3.932457916711209318e-04 3.777450696187073065e-04
5.136369902186972070e+01 -4.674057997033382872e-01 3.941855755068227746e-04 3.793719162211157785e-04
5.167795909480086181e+01 -4.930419663807611985e-01 3.858737780349686558e-04 3.738606428192851080e-04
5.199237786962974894e+01 -4.786643152201565110e-01 3.888252527013940220e-04 3.694543615699926592e-04
5.230634874716525218e+01 -4.876844750399568773e-01 3.789620229676793480e-04 3.597830771239919471e-04
5.262017184055142849e+01 -4.749525796903189545e-01 3.756071808751545050e-04 3.595354473885245213e-04
5.293403523258043464e+01 -4.617069367263604285e-01 3.612791847595690753e-04 3.457793868530727936e-04
5.324821665328946096e+01 -4.573223887938093757e-01 3.598291259409082420e-04 3.413908216708804334e-04
5.356283887204177319e+01 -4.572994608528260785e-01 3.548442831287998574e-04 3.324049864739251270e-04
5.387720244005389958e+01 -4.676903382542375587e-01 3.470724490003747223e-04 3.318406033098109304e-04
5.419124100940217659e+01 -4.509473047907776588e-01 3.427217298419317775e-04 3.182603850119447488e-04
5.450540119714083431e+01 -4.283792260217573200e-01 3.339756667091875052e-04 3.164936086248454480e-04
5.481948329783215712e+01 -4.614183647636978525e-01 3.317906250536843682e-04 3.177970134167469140e-04
5.513405660294207422e+01 -4.614813217575910453e-01 3.359995859005372536e-04 3.119751675230282529e-04
5.544815237974399480e+01 -4.653915207008198496e-01 3.314798000993606007e-04 3.130360478877299035e-04
5.576127142318796359e+01 -4.430749411679593130e-01 3.229616319873040964e-04 3.011525768369769534e-04
5.607510638073839004e+01 -4.624588033533392206e-01 3.110878580620617096e-04 3.041780210745704204e-04
5.638962869123960076e+01 -4.648646950056802840e-01 3.072458243062150185e-04 3.006373583264483488e-04
5.670447763341914538e+01 -4.370406582034719323e-01 2.982649792320575446e-04 2.970585357487494013e-04
5.701820248252029444e+01 -4.415254707810535861e-01 2.999312283769983820e-04 2.903801068546425605e-04
5.733195901604897671e+01 -4.511436769698211613e-01 2.908959723159209730e-04 2.845969242613833813e-04
5.764712064958249726e+01 -4.479215857294123193e-01 2.911893000775537003e-04 2.805460409488483775e-04
5.796144533755393269e+01 -4.275530264972501882e-01 2.860126948840283415e-04 2.774422028991972581e-04
5.827543609436339977e+01 -4.414872363050687532e-01 2.858705732216701889e-04 2.732078759052251156e-04
5.858965381281051066e+01 -4.487162143543976245e-01 2.816870631649388574e-04 2.700177714765564121e-04
5.890437181848294301e+01 -4.328243483733958952e-01 2.801889622173011794e-04 2.655215997785511056e-04
5.921838271257634290e+01 -4.381869571833316157e-01 2.691463347358521020e-04 2.593443213334364786e-04
5.953173211496333295e+01 -4.712592134495264262e-01 2.753004277630169265e-04 2.533803432354082385e-04
5.984561044172004074e+01 -4.651451878115677729e-01 2.690983630932618415e-04 2.515289628214817169e-04
6.016007886770730551e+01 -4.794211919462909033e-01 2.657194739207995580e-04 2.481481392994044325e-04
6.047434222208529064e+01 -4.545478423355138742e-01 2.664671503978465698e-04 2.478663656383534855e-04
6.078819510374049884e+01 -4.703552371038674518e-01 2.598825432548801167e-04 2.405343265647338978e-04
6.110248775855733072e+01 -4.642594461942853301e-01 2.539489048460421574e-04 2.441479547377382550e-04
6.141703083107434935e+01 -4.465594150409512020e-01 2.521517115608895750e-04 2.394449069288447475e-04
6.173164932884664324e+01 -4.678497505555321845e-01 2.487160651598039935e-04 2.386463872164011331e-04
6.204511235884282172e+01 -4.741290207202565332e-01 2.502903224018274749e-04 2.347334983085034188e-04
6.235874195723437197e+01 -4.644591968173165109e-01 2.504177333804929019e-04 2.347320857066826109e-04
6.267327299667211093e+01 -4.606729586564102252e-01 2.471902614874364095e-04 2.333327587911675075e-04
6.298749759460891795e+01 -4.848584926044955945e-01 2.426847010074924878e-04 2.309819213407453449e-04
6.330160715636269231e+01 -4.309783344517085779e-01 2.432431854819757007e-04 2.318685820097796276e-04
6.361581442360031957e+01 -4.640681416972524675e-01 2.401982263622814647e-04 2.301386828321539768e-04
6.393020775293106794e+01 -4.518190446194091381e-01 2.364168152559760982e-04 2.251883382964562502e-04
6.424432944667968570e+01 -4.228212632860327003e-01 2.363940679469188030e-04 2.240258335405145352e-04
6.455877100332915575e+01 -4.166641126860295419e-01 2.350733647140545611e-04 2.217626648470858277e-04
6.487328631868861351e+01 -4.175288420579976734e-01 2.294350250807571340e-04 2.173298718066579715e-04
6.518709135059721405e+01 -4.004672484967172763e-01 2.248784812650464753e-04 2.198371037090934399e-04
6.550086614613807967e+01 -4.050093570190774761e-01 2.287724043388341408e-04 2.172234811424656896e-04
6.581507238314434005e+01 -4.155783960995645954e-01 2.238855917492868074e-04 2.150356999528993558e-04
6.612933801816515711e+01 -4.250090513591722186e-01 2.202617854343900505e-04 2.149060875896664552e-04
6.644327462264372741e+01 -4.300240839090008205e-01 2.111737857743622093e-04 2.101968761175594192e-04
6.675724024772777909e+01 -4.258368349598580793e-01 2.097699411076053692e-04 2.071557661257103348e-04
6.707202581361374882e+01 -4.372398287687004892e-01 2.129550621985590439e-04 2.092777679057369997e-04
6.738654342085472138e+01 -4.247153783071742628e-01 2.090710745781233716e-04 2.106080777128687331e-04
6.770007949974387884e+01 -4.264403506052146797e-01 2.101261287008644328e-04 2.050766279147772208e-04
6.801413046488892178e+01 -4.294294746285642339e-01 2.039360681280189534e-04 2.035806544622844412e-04
6.832828432287988107e+01 -4.476067873493112526e-01 2.026914211491457371e-04 2.028385983156964106e-04
6.864257492412163231e+01 -4.317293595426493491e-01 2.057226289686830240e-04 2.044530733105179505e-04
6.895676864647008131e+01 -4.055066750557212996e-01 2.018587038977357438e-04 2.026921176871560580e-04
6.927047835745285909e+01 -4.268754132188117834e-01 2.027305442695725860e-04 2.001697861982068929e-04
6.958493206096495953e+01 -4.063177920659322706e-01 2.017925367274429080e-04 1.970671267959915552e-04
6.989922257197353872e+01 -4.272127329062343493e-01 2.003578520376460238e-04 1.938090706035057627e-04
7.021339417045909670e+01 -4.124879894889000309e-01 1.988181973933035997e-04 1.921425405332200355e-04
7.052773897424346217e+01 -4.369513329205327312e-01 1.972982586043617683e-04 1.900126307634611661e-04
7.084189167737326898e+01 -4.174920507418145577e-01 1.957779929653089414e-04 1.872644537364074430e-04
7.115590885935685606e+01 -4.016501108657522523e-01 1.921648275363083440e-04 1.899796081604982845e-04
7.146989005821200180e+01 -4.246167978546339650e-01 1.944959727712270011e-04 1.903512261023177030e-04
7.178434609113935494e+01 -4.167216081546187278e-01 1.917908957680176550e-04 1.899329762220115098e-04
7.209885608846497007e+01 -3.915965375037077090e-01 1.916090169229772624e-04 1.876364474883663799e-04
7.241268339266662224e+01 -3.943868921138974915e-01 1.959741138796471040e-04 1.869483577178898009e-04
7.272661744860863564e+01 -3.882807116415289417e-01 1.914965108583589900e-04 1.821006869072246581e-04
7.304096595759399690e+01 -3.791556795840496097e-01 1.884471416824756544e-04 1.790184224818344553e-04
7.335551822010131673e+01 -3.960446322934234042e-01 1.909963344070658936e-04 1.800214751287596221e-04
7.366964544744810439e+01 -3.822221656075857621e-01 1.905436028010300611e-04 1.829394242506159117e-04
7.398349826217994973e+01 -3.927899723764320394e-01 1.894440411312050610e-04 1.823207533721195740e-04
7.429780723014216903e+01 -4.014809558945128809e-01 1.877939491445449784e-04 1.820295920051239608e-04
7.461168053815575263e+01 -3.719073375117938896e-01 1.895084239769525202e-04 1.801718390332633245e-04
7.492512351899900125e+01 -3.580292576321165710e-01 1.851665335551856651e-04 1.798031727658053506e-04
7.523928760255913062e+01 -3.767586272236808642e-01 1.855601249382636520e-04 1.789197351585087073e-04
7.555379959472880103e+01 -3.428312425568703081e-01 1.862399016616437760e-04 1.819954645823489180e-04
7.586808174925810988e+01 -3.447613974961346583e-01 1.851031261659749855e-04 1.786484517626543591e-04
7.618242854845652801e+01 -3.627473891818644991e-01 1.860611254252270141e-04 1.795126037386558283e-04
7.649690178579460564e+01 -3.503439160359159144e-01 1.866104300198268798e-04 1.777153231436332458e-04
7.681150884569460402e+01 -3.513794528428855202e-01 1.850965144946595676e-04 1.783614011764961119e-04
7.712553593896940640e+01 -3.425762756153949984e-01 1.846174972854262007e-04 1.808942512266907836e-04
7.743919815414901109e+01 -3.529063072046559335e-01 1.869722214794081758e-04 1.801838568650181139e-04
7.775365348898256457e+01 -3.304049627694058411e-01 1.840917813613275513e-04 1.777718799466331261e-04
7.806786624636168881e+01 -3.401475977426710595e-01 1.837922337938968176e-04 1.799177072300585118e-04
7.838145605265704319e+01 -3.330323605826513433e-01 1.867021761135239538e-04 1.813876341518615327e-04
7.869568487021912517e+01 -3.291486381563900054e-01 1.851826629945979054e-04 1.827116829446672960e-04
7.901017726154370280e+01 -3.341722725275660388e-01 1.869355605644169860e-04 1.815210484473636057e-04
7.932426967172689558e+01 -3.429846127884648155e-01 1.875108082275442974e-04 1.813762091449606473e-04
7.963800071315027651e+01 -3.317416449762425890e-01 1.877498946707201796e-04 1.806522710076293196e-04
7.995232181973354102e+01 -3.303007745701513342e-01 1.880681382600089943e-04 1.864159717061343623e-04
8.026710683187394579e+01 -3.117385781916792165e-01 1.851128693524284232e-04 1.838818657688204555e-04
8.058098841817748337e+01 -3.353758461979043370e-01 1.869654129436429401e-04 1.846592700960569247e-04
8.089485841761938900e+01 -3.342842703425252804e-01 1.874340803376202858e-04 1.839542705130831871e-04
8.120913542700235155e+01 -3.593325013495483611e-01 1.844786660997103196e-04 1.824988767192940189e-04
8.152320399729813971e+01 -3.285292659464998377e-01 1.837417865841046419e-04 1.798217754643626301e-04
8.183741234158418365e+01 -3.658785796096337695e-01 1.864558647774434779e-04 1.820068978586096369e-04
8.215150691342314815e+01 -3.264273928664833679e-01 1.860971929956269707e-04 1.812301982238939755e-04
8.246540403166144984e+01 -3.521941835454900360e-01 1.839345894153101158e-04 1.799623940411443953e-04
8.277961243172062211e+01 -3.657239821951844272e-01 1.851985097818974115e-04 1.798383475062289335e-04
8.309391379915852838e+01 -3.316897528555451391e-01 1.846561213305441922e-04 1.784038377728859690e-04
8.340841199676388840e+01 -3.213170427027793319e-01 1.829996672239418557e-04 1.791486511825305186e-04
8.372247805522263775e+01 -3.251319290065655121e-01 1.797378996118979865e-04 1.785337882145253397e-04
8.403606928155355149e+01 -3.200740173171279235e-01 1.829377645011447497e-04 1.751606331905250470e-04
8.435060771194061147e+01 -3.259718806355597631e-01 1.833270780575330680e-04 1.759420058528174749e-04
8.466537403994669830e+01 -3.311215459843597775e-01 1.794890626433739836e-04 1.729140006443674312e-04
8.497903215174325453e+01 -3.235239246154774650e-01 1.799433090747412048e-04 1.721879734274203992e-04
8.529308967219921556e+01 -3.266942888090132446e-01 1.765900086004472467e-04 1.771623727268262325e-04
8.560758620939661512e+01 -3.179189723080296237e-01 1.777108363166564754e-04 1.744802496346060873e-04
8.592176930850853012e+01 -3.183392268236356348e-01 1.759713940093858271e-04 1.736065876063848867e-04
8.623592234680224067e+01 -3.093049237374200788e-01 1.715308533111448402e-04 1.733814307046338359e-04
8.654974592180241189e+01 -2.907620428673529656e-01 1.721994036672935434e-04 1.748286806465676186e-04
8.686431801595330171e+01 -3.209142551576054103e-01 1.743489269210496048e-04 1.735456391207490740e-04
8.717831512877299360e+01 -3.001565850851638517e-01 1.748583866768531195e-04 1.721211594840419811e-04
8.749180038885013744e+01 -2.801428296645794291e-01 1.737111655079767942e-04 1.729855335611330317e-04
8.780616393456979552e+01 -2.765351279370154569e-01 1.709046339411975123e-04 1.690443260811031758e-04
8.812053080281283712e+01 -2.909892206267303272e-01 1.712049737744268663e-04 1.695683360024163064e-04
8.843467894795254836e+01 -2.840160671229899347e-01 1.732363032278764624e-04 1.696157510089118733e-04
8.874883741935526871e+01 -3.044153299985494221e-01 1.712478465662709102e-04 1.713663965810235804e-04
8.906318108032054681e+01 -3.164141633370358142e-01 1.673601237808977193e-04 1.680259398331648021e-04
8.937728738028999942e+01 -3.043961247510872381e-01 1.673052280817795626e-04 1.690564901891782859e-04
8.969136461493712886e+01 -2.921788505053813934e-01 1.662136746843364914e-04 1.721666863454266643e-04
9.000538608708266963e+01 -3.119971347330714462e-01 1.676611484643462512e-04 1.722658987623073125e-04
9.031954569533935739e+01 -2.913868538861226765e-01 1.647578878013506050e-04 1.729293668575987940e-04
9.063372571371668585e+01 -3.066540915038535875e-01 1.668110760588206178e-04 1.677878720178418851e-04
9.094768176175277574e+01 -2.905336763152256974e-01 1.659464525788041721e-04 1.668906428309103519e-04
9.126192514543302536e+01 -2.843891958340529769e-01 1.653474739725163060e-04 1.703884986400648627e-04
9.157618431004050308e+01 -2.833320654791112725e-01 1.654768926640307330e-04 1.692196239920156311e-04
9.189052044903290550e+01 -2.689186194295263288e-01 1.635132464800616260e-04 1.723593473423285047e-04
9.220482130605392967e+01 -2.577266648594791487e-01 1.672142664679330615e-04 1.721887515418336337e-04
9.251884607514890035e+01 -2.552588088810120448e-01 1.695381540894433283e-04 1.700412192681852131e-04
9.283303729693140838e+01 -2.432463235744454222e-01 1.667839842932543977e-04 1.685018394206232802e-04
9.314717990438124673e+01 -2.474200666904343981e-01 1.701852395574375511e-04 1.712581831661565102e-04
9.346110245869820687e+01 -2.309603270229444449e-01 1.706829206714310097e-04 1.775702793843617782e-04
9.377539067864897504e+01 -2.471986798162172094e-01 1.675314007899100007e-04 1.771181366883387964e-04
9.408974975329175550e+01 -2.264227834686839136e-01 1.673835168232650991e-04 1.795144063903180202e-04
9.440389065687497805e+01 -2.493791620499940798e-01 1.653654751524596684e-04 1.785638010482984038e-04
9.471762225078724384e+01 -2.486484129458687298e-01 1.667111773890221150e-04 1.778420056797109291e-04
9.503189844255133778e+01 -2.326674310656849376e-01 1.710632219326714846e-04 1.796459764847080939e-04
9.534641686142936123e+01 -2.023972343941356500e-01 1.696083180761194726e-04 1.783823303661197560e-04
9.566011079292637476e+01 -1.960877619866740196e-01 1.655922836335132922e-04 1.791575521225559191e-04
9.597411172270480506e+01 -2.074533322029071813e-01 1.673935805541299719e-04 1.774644506468291865e-04
9.628850528735904390e+01 -1.971878615449375871e-01 1.685540462903690117e-04 1.780183260170934507e-04
9.660324551759315170e+01 -1.800814009719332864e-01 1.681613999951843050e-04 1.779048068778528858e-04
9.691703557560205695e+01 -1.945876141646546709e-01 1.658519979991470632e-04 1.754057034928527628e-04
9.723041430629675119e+01 -1.916687488562294484e-01 1.689784740767782891e-04 1.791319547088952629e-04
9.754484307012232591e+01 -2.059267050176366576e-01 1.686401960904492826e-04 1.841502907379849875e-04
9.785940598661414924e+01 -1.787163488376715126e-01 1.675786760039789912e-04 1.813541708389102372e-04
9.817375460369085260e+01 -1.780921721395488933e-01 1.678688268905518253e-04 1.824802122129991005e-04
9.848776640509666436e+01 -1.802044587499231354e-01 1.718773337499349910e-04 1.855120039360522307e-04
9.880206887482727041e+01 -1.730822326648129850e-01 1.747061462088477402e-04 1.828105343228328254e-04
9.911663016824624606e+01 -1.700470088111387112e-01 1.724201974490772494e-04 1.818334628779353409e-04
9.943058596528010185e+01 -1.749472909584407765e-01 1.755939887388011035e-04 1.884063430499841832e-04
9.974439643442121906e+01 -1.614239038714014307e-01 1.739291203075450621e-04 1.866735123894406299e-04
1.000586520672233490e+02 -1.523998922196633798e-01 1.754635548861858518e-04 1.889363982041965674e-04
1.003726311243779179e+02 -1.634656082660370657e-01 1.724794419574582197e-04 1.875646500440801502e-04
1.006863609310031933e+02 -1.501215465067245736e-01 1.736865277344580116e-04 1.905479297626262952e-04
1.010005540192626654e+02 -1.281657812493532667e-01 1.747174969656889931e-04 1.916757545297549843e-04
1.013152026415403526e+02 -1.651174086969179333e-01 1.772178813747804179e-04 1.930203983606879070e-04
1.016293679138634474e+02 -1.417309672739411885e-01 1.807437903340323776e-04 1.941220584120432373e-04
1.019430501884507123e+02 -1.567278933857041145e-01 1.786034569537974708e-04 1.929219301172679056e-04
1.022572449755250830e+02 -1.324587179807644732e-01 1.770234213553686215e-04 1.948441324158750110e-04
1.025718418130836085e+02 -1.296322097582607580e-01 1.769400212416486547e-04 2.039776852797876025e-04
1.028861911017171309e+02 -1.172561118511986494e-01 1.832343397995858767e-04 2.020509642885117026e-04
1.032002231702024488e+02 -1.425908302019144591e-01 1.831523977537776252e-04 2.050406658927941134e-04
1.035146392105253028e+02 -1.373859571997893825e-01 1.868653931957312713e-04 2.038479544015159631e-04
1.038292359262971019e+02 -1.231042943251932364e-01 1.870177549547840604e-04 2.076357431239321137e-04
1.041427121533907894e+02 -1.183908017319841577e-01 1.880667207434953475e-04 2.110811651297604587e-04
1.044561295689368592e+02 -1.078434214229308380e-01 1.907474835438835448e-04 2.109882681583601885e-04
1.047708650889197202e+02 -1.000539920338117394e-01 1.895542086900496787e-04 2.168714783551303456e-04
1.050851522319120050e+02 -1.216254616839775315e-01 1.914123095613047749e-04 2.195349546082896760e-04
1.053986366683002274e+02 -1.157076773919753360e-01 1.893010928824957848e-04 2.152455797772877602e-04
1.057127898378478079e+02 -1.101602174705241105e-01 1.978016517611166198e-04 2.212910956305114368e-04
1.060268944924848569e+02 -1.393354400546553129e-01 1.949860514253133820e-04 2.223608132204140829e-04
1.063410375396088767e+02 -1.099753075887486414e-01 1.961323896325237127e-04 2.212114320865440280e-04
1.066553351020730247e+02 -9.514448209622347608e-02 1.963732906145186543e-04 2.273009840767691784e-04
1.069700059615547190e+02 -1.114879801414012939e-01 1.959496781566128464e-04 2.294288024060146792e-04
1.072844699292986519e+02 -1.220071780163060199e-01 1.995381862651901203e-04 2.287354071395999587e-04
1.075978948412114846e+02 -1.032056509187819493e-01 1.989408614166690505e-04 2.325298939878871186e-04
1.079120166734675905e+02 -1.101048048087560627e-01 2.047916691922040762e-04 2.309476238793924119e-04
1.082265240460195344e+02 -1.012875257841643895e-01 2.031950547615952779e-04 2.283330163956102628e-04
1.085408584143816313e+02 -9.210386109985360670e-02 2.062782873965249330e-04 2.365559939594171878e-04
1.088549564965246503e+02 -1.075793855077264438e-01 2.040421172728579106e-04 2.384184452422539340e-04
1.091688370133313128e+02 -7.870449427351915161e-02 2.072190704286180115e-04 2.478724038718758309e-04
1.094827263230301497e+02 -6.576565237718211276e-02 2.131564855880992073e-04 2.486241572481779900e-04
1.097969070918947239e+02 -8.976412397888047789e-02 2.059839456723714616e-04 2.501382968098699857e-04
1.101108614334973623e+02 -9.499923954374443757e-02 2.097303197677561238e-04 2.530240746444527506e-04
1.104249250424424247e+02 -9.101712729441197025e-02 2.150157290611106231e-04 2.486338888064496661e-04
1.107396862323123798e+02 -9.073339201602327597e-02 2.171755660525390770e-04 2.546407549165993810e-04
1.110537909171902697e+02 -9.789975774871517711e-02 2.191848229758017988e-04 2.469576659069567604e-04
1.113669060996339368e+02 -7.423524230762522380e-02 2.161760561839814023e-04 2.480419009283110722e-04
1.116813961317518391e+02 -7.711667439625603804e-02 2.195394910462233635e-04 2.563123040897462442e-04
1.119964394851646432e+02 -8.618186200252446472e-02 2.221718584648159822e-04 2.542696470164120741e-04
1.123100421113602607e+02 -7.876557854348750776e-02 2.206268879798531932e-04 2.578715375937472537e-04
1.126240536101794447e+02 -9.844738907003562634e-02 2.179522315133340736e-04 2.531983601287749429e-04
1.129379966505166095e+02 -7.162693032665855275e-02 2.146856974958445512e-04 2.525722747008045908e-04
1.132518883338644571e+02 -9.482554773996484943e-02 2.202354943461503809e-04 2.494355308237097488e-04
1.135651955722218958e+02 -8.734296703204699752e-02 2.238741715220184494e-04 2.493889321733843995e-04
1.138794864110013094e+02 -8.993265395024216402e-02 2.310421156786351970e-04 2.472804522933414015e-04
1.141949152711211468e+02 -7.320226540849682217e-02 2.287642071900369985e-04 2.452925155187368929e-04
1.145085006125939486e+02 -7.823187587531492404e-02 2.303614852089797915e-04 2.495297049592449124e-04
1.148226787009071472e+02 -1.254321447972031045e-01 2.259547617771236660e-04 2.501918897628146727e-04
1.151376864260383286e+02 -9.310302737131213868e-02 2.318685368534281776e-04 2.507059224816678687e-04
1.154516629928821345e+02 -6.476507075076790021e-02 2.370632658582996798e-04 2.580044434701784313e-04
1.157653370245882627e+02 -6.202790405473516955e-02 2.335187740628942360e-04 2.578335402046764654e-04
1.160792451527899374e+02 -1.094835525701519235e-01 2.318544974785017047e-04 2.617956031861800367e-04
1.163937924399171351e+02 -7.862372354796659524e-02 2.329113502733432689e-04 2.620897668804638260e-04
1.167077718997228715e+02 -5.896703122311413442e-02 2.407259686972145754e-04 2.582152791161555425e-04
1.170209684355608175e+02 -1.104613123227096289e-01 2.461011718241436523e-04 2.675509304779307871e-04
1.173353550341486908e+02 -8.833315116688200686e-02 2.507268768687680779e-04 2.676348392103798375e-04
1.176501645799607303e+02 -5.721368518164414441e-02 2.612856504414394140e-04 2.749281709557118477e-04
1.179644947224674354e+02 -7.656832389329752686e-02 2.621264074657315155e-04 2.852284772972197603e-04
1.182776938495577781e+02 -9.737844514025834064e-02 2.590606813926171650e-04 2.830490163962037916e-04
1.185912892856654111e+02 -7.028783462791644843e-02 2.587778937139750238e-04 2.881595850712699320e-04
1.189070451600216956e+02 -5.058437403389279274e-02 2.701241645201391613e-04 2.889034762516718021e-04
1.192214046293417056e+02 -1.087333112672751734e-01 2.769807002904595941e-04 3.021321775439791252e-04
1.195346291216650485e+02 -8.686976467535893753e-02 2.733185850484249496e-04 3.088621927376544209e-04
1.198494069192820177e+02 -4.106745686156441921e-02 2.731827188321234515e-04 3.110757348348495033e-04
1.201651774213734711e+02 -3.099652976571361240e-02 2.779486061030239739e-04 3.032727057983809413e-04
1.204786536827043477e+02 -2.987547231304125625e-02 2.757613460505829012e-04 3.035956600752497581e-04
1.207915400692489953e+02 -9.364671989972775390e-03 2.788364260898460486e-04 3.116294330831362010e-04
1.211071928381454228e+02 -3.938471864886099183e-02 2.755725911634570777e-04 3.100831144053685395e-04
1.214215028776850147e+02 -3.964168082937514180e-03 2.927893429462804825e-04 3.154509979542289622e-04
1.217338884389058649e+02 -1.309805497486698708e-02 2.886690744720934467e-04 3.160668620726394488e-04
1.220485106288860493e+02 1.681959779212748030e-02 2.984618711891853815e-04 3.275724532827909005e-04
1.223649490634236514e+02 4.635572814996710006e-02 3.069492262082054788e-04 3.231834972353801478e-04
1.226784559227979088e+02 9.482038982879751471e-03 3.117782742987118593e-04 3.378921353600567237e-04
1.229900019072183710e+02 5.823815969327491432e-02 3.076166555554108763e-04 3.326554941115650917e-04
1.233054617452374941e+02 4.039097121727640988e-02 3.195726709188630101e-04 3.470468309556299313e-04
1.236207153644814696e+02 7.326571320981682678e-02 3.285812699068628548e-04 3.485454899393626983e-04
1.239331775844842269e+02 4.037044275220359746e-02 3.334659029381505926e-04 3.692109183387718048e-04
1.242467158139630072e+02 5.640689609067977422e-02 3.218766789031766973e-04 3.676455970370866473e-04
1.245621415556689300e+02 3.142774127566711623e-02 3.418732865263791453e-04 3.692874435090464269e-04
1.248777688129184185e+02 4.084337205508349611e-02 3.390017480509530112e-04 3.718866844477745903e-04
1.251901895103835471e+02 3.386621749634702999e-02 3.511632183827392319e-04 4.014681586455818457e-04
1.255025226680442643e+02 -1.106343017394053642e-02 3.601549026813675959e-04 4.033874739342619038e-04
1.258194076678557138e+02 1.552011274185042394e-02 3.653211953596401888e-04 3.762686607766574268e-04
1.261348474644680522e+02 4.812983648108734580e-02 3.718832165008683298e-04 4.020484387720719087e-04
1.264456058988723584e+02 6.144253006562372388e-02 3.762781895592530240e-04 3.989341229219661570e-04
1.267597475488652208e+02 -1.309194625437259257e-02 3.718375014326269989e-04 4.084786119848205009e-04
1.270776507546071201e+02 4.535058044828344653e-02 3.708163445613017945e-04 4.351022990465930264e-04
1.273916799420037762e+02 2.598782245183386963e-02 3.754467024868451529e-04 4.307659802741147024e-04
1.277013863115962664e+02 1.026138149760502105e-01 3.949010105316546693e-04 4.370432823171645697e-04
1.280167859978632805e+02 1.154836229772767814e-01 4.143853097950206616e-04 4.487467052950377890e-04
1.283361908734028702e+02 6.175378412003982437e-02 4.085936751840255608e-04 4.451004221644377164e-04
1.286473756702684170e+02 7.625719032623101690e-02 4.435819631721775068e-04 4.484381425542988825e-04
1.289556262653206886e+02 5.609062625927974804e-02 4.743424154199268579e-04 4.637326494985510362e-04
1.292737748060940248e+02 6.670766860696830669e-02 4.566615336477615299e-04 5.018931660052208549e-04
1.295925097523526404e+02 1.290211024504314963e-01 4.525453609781029843e-04 5.127934272643093223e-04
1.299029660740884253e+02 5.104781740164893861e-02 4.851160174279799120e-04 5.396457674020710893e-04
1.302148579946444045e+02 3.114882381658806362e-04 4.743583708904604616e-04 5.402174727942285265e-04
1.305337248755816688e+02 -4.351115763898819218e-03 5.055608960242448770e-04 5.540348661136076068e-04
1.308466417091605081e+02 -1.830328566746792368e-02 5.492178730266446393e-04 5.890748247398444300e-04
1.311504272509779696e+02 -2.741360487390908859e-02 5.721366274468146643e-04 5.794563145056708586e-04
1.314698765474287825e+02 3.763694754966610823e-02 5.304507512904314695e-04 6.013747737709507473e-04
1.317955287853964421e+02 -3.680038629112251936e-02 5.924711054175184777e-04 6.015097956025773802e-04
1.321014893121398757e+02 2.858136562845627754e-02 6.227551605731097232e-04 6.136272763945203879e-04
1.324019756095517835e+02 5.956448984048141881e-02 6.538370257693021598e-04 6.518067467081809646e-04
1.327270481147153305e+02 7.898786636712583353e-03 6.474665793459367545e-04 6.526845194396417452e-04
1.330590141288029429e+02 -2.825303018552106915e-02 6.402220117208986356e-04 6.931832572008939314e-04
1.333597573729420844e+02 1.336176414903413323e-01 6.601277539941145843e-04 6.739586109206277802e-04
1.336545450502629535e+02 7.784970437398489040e-02 6.896490516931602470e-04 6.685028036472948337e-04
1.339865882222744347e+02 8.346978223334057534e-02 6.391210331120140888e-04 7.014708017768149072e-04
1.343233465511614213e+02 1.369417480080872274e-01 7.139929593901442502e-04 6.436182740300284760e-04
1.346099178234919407e+02 6.639421172349674327e-02 7.780870678835105593e-04 8.600696335557571001e-04
1.348982338606730309e+02 -7.610808666214516349e-02 7.676094242481002351e-04 8.023378489814548794e-04
1.352445969684641227e+02 -1.594750014100766375e-02 8.579841206643351896e-04 8.115531427952821231e-04
1.355910131574484012e+02 7.461887637473547941e-02 8.425332114348420927e-04 8.744278797295752066e-04
1.358548951693456672e+02 -1.159425182036840363e-01 9.360411749507536235e-04 1.018418301946311371e-03
1.361393223299698718e+02 -4.335427255643281921e-03 1.029658701663855843e-03 8.865331691526461043e-04
1.364973923434689027e+02 4.938095778142980591e-03 1.029393207060512374e-03 8.577801074480039889e-04
1.368532643902742336e+02 -1.593375009255903196e-01 1.111720911580167106e-03 1.272373334792641563e-03
1.371244101954353596e+02 3.993013597759886152e-02 1.380764645301491966e-03 1.491318736893704634e-03
1.373936659185979750e+02 1.404509075374908884e-02 1.558817834937466489e-03 1.504954262044406110e-03
1.377521569172451166e+02 -8.740513327428302282e-02 1.411322363244061793e-03 1.917494110245800826e-03
1.381099672185708016e+02 -9.885092217426448558e-02 1.797230223404010707e-03 2.162969645633064635e-03
1.383946394093705123e+02 -1.658705284892747767e-01 2.573382978411001883e-03 2.720313369681593742e-03
1.386415991234134992e+02 -2.107507245936497964e-01 2.835829009693762934e-03 2.537222977551069607e-03
1.389827905860589681e+02 -9.276529798721575015e-02 5.674221946411104993e-03 5.251054394338449706e-03
1.392997911731879128e+02 -1.044858253869402342e-01 2.322574966292055912e-02 2.130005520102797728e-02
