4.449820612348476812e-01 -8.920219226675487612e-01 3.961326919929188062e+00 3.682138822925885346e+00
7.539561082532788561e-01 -7.023865769958309579e-01 2.530275850838082263e+00 2.053233130387502214e+00
1.072395093228418306e+00 -3.556185284205506392e-01 1.219424101782490721e+00 1.146575915595916095e+00
1.391830388244638339e+00 -3.587283701278089487e-01 7.849685534950772148e-01 7.067017220884772577e-01
1.717549892901705233e+00 -2.348763725646519918e-01 5.780423597042836370e-01 5.818698189096221940e-01
2.023943380712872830e+00 -3.593763566101076945e-01 4.462038099639177302e-01 5.317544525578827841e-01
2.338358341787839745e+00 -4.114279647098376125e-01 3.841331754752513872e-01 4.093945349949495993e-01
2.654112550882975707e+00 -3.487398444103032569e-01 3.443196009496851118e-01 4.051252268249621036e-01
2.972681220470295038e+00 -3.366558661862188995e-01 3.229111476827980498e-01 3.437682419786802779e-01
3.288112407294395911e+00 -3.641435751285524436e-01 2.872470666440739007e-01 3.069752801680400434e-01
3.598316453349367894e+00 -3.334040782174370054e-01 2.536010291431087804e-01 2.649836102197763998e-01
3.913930457844173816e+00 -3.403875968851628464e-01 2.390135778431272395e-01 2.599906444517390836e-01
4.235199472917269503e+00 -3.431937238575415994e-01 2.161273162279079008e-01 2.366947159042968041e-01
4.548427310263685186e+00 -3.254315616414783507e-01 1.945386770706897528e-01 2.160565388532239561e-01
4.860394888415106252e+00 -3.194232862505359538e-01 1.809576664267683599e-01 2.010058538742078849e-01
5.173815194796832273e+00 -3.159164253428055624e-01 1.619047794174650057e-01 1.731615931268833397e-01
5.487882221272795569e+00 -3.218067194910907980e-01 1.522967217848992805e-01 1.602913715048165932e-01
5.802715423900465908e+00 -3.474265509022825271e-01 1.425767749705112164e-01 1.434401365726259980e-01
6.118348332687426172e+00 -3.336426348713906753e-01 1.296592477008977895e-01 1.346082589076368352e-01
6.434086315451469140e+00 -3.360487241139020198e-01 1.184741134638714333e-01 1.243684903162298877e-01
6.747504008320403202e+00 -3.625734391639838239e-01 1.105577414928250041e-01 1.103346191762538397e-01
7.059747794210737837e+00 -3.892475922513656816e-01 1.046573142920669830e-01 1.034494177870996512e-01
7.375667878737341532e+00 -3.872852516677449120e-01 9.643616919098452200e-02 8.979503367903836353e-02
7.689325371261341857e+00 -4.022303212683228102e-01 9.012264141491146963e-02 8.077078183393190947e-02
8.003287720255551463e+00 -3.917325061967524280e-01 8.317330504081538178e-02 7.485075683384893874e-02
8.319955843435401732e+00 -4.142696248651006607e-01 7.731097575094675323e-02 6.967421562492930043e-02
8.635978228882212449e+00 -4.054128495173230373e-01 7.044354932443711026e-02 6.275590259998573006e-02
8.948826066885422037e+00 -3.938815692285829728e-01 6.494487477121659025e-02 5.736829013140996858e-02
9.261768453239259458e+00 -4.563666019830838749e-01 5.987240531746770844e-02 5.282648878348681493e-02
9.574033936705786729e+00 -4.144847809694219842e-01 5.512837796484995612e-02 4.674348089306504250e-02
9.889449343257677327e+00 -4.618250991347441214e-01 5.035302056058457709e-02 4.378642638075488924e-02
1.020468867723862161e+01 -4.603880690267668219e-01 4.753625513002979891e-02 4.050181965819273089e-02
1.051969651304922948e+01 -4.446884640552309365e-01 4.344818499724258098e-02 3.746357091028028330e-02
1.083454854911150811e+01 -4.481682962312081298e-01 4.044087682951819085e-02 3.475705216998769415e-02
1.114850140608075968e+01 -4.661661466604903881e-01 3.681082626493800691e-02 3.255077216984073041e-02
1.146310013543170925e+01 -4.968349249296151182e-01 3.418184536482569980e-02 2.920400580463385076e-02
1.177570754183406088e+01 -4.697632481159622619e-01 3.155976634858790458e-02 2.673907247203531970e-02
1.208955291908929475e+01 -5.162255778578658250e-01 3.007662509214590121e-02 2.516445274175423824e-02
1.240428269719809684e+01 -5.504200781770839379e-01 2.780353301417221729e-02 2.380941556969707815e-02
1.271746128436477186e+01 -5.133533648101028524e-01 2.606025777024529103e-02 2.265884703585145654e-02
1.303167125942402471e+01 -5.344184346083900028e-01 2.421533897373227134e-02 2.150790009705575573e-02
1.334628685448480212e+01 -5.097909934055008252e-01 2.360746356410420646e-02 1.979392044731521916e-02
1.366211671570577835e+01 -5.334075486646322473e-01 2.199554666048725987e-02 1.905874436852500117e-02
1.397764840042207979e+01 -4.992836077810275941e-01 2.138338831628302378e-02 1.817247940306975298e-02
1.429183146157246576e+01 -5.153927239180696729e-01 2.027205183361312571e-02 1.683612669015764618e-02
1.460438135697155637e+01 -5.451284481783212899e-01 1.875603868832025761e-02 1.558659934866504608e-02
1.491724922219911242e+01 -5.255111270125369938e-01 1.781102072390592511e-02 1.485580924204818985e-02
1.523191319703598623e+01 -5.329240248847592065e-01 1.682927103575303923e-02 1.418386841969214440e-02
1.554639563501598509e+01 -5.426150949207991792e-01 1.624224101506710136e-02 1.300831129122193529e-02
1.586084085809198996e+01 -5.120460427296975592e-01 1.515466142850556940e-02 1.229980414261808673e-02
1.617593783972211341e+01 -4.894238068670532238e-01 1.448375034700100095e-02 1.205806098095895187e-02
1.649084108775197777e+01 -5.094843157395412270e-01 1.354196296964002219e-02 1.100893784479669256e-02
1.680588214728578222e+01 -4.977705809030279482e-01 1.321880427883195992e-02 1.073537423558617449e-02
1.711850187854636829e+01 -5.111348069537184902e-01 1.272155551371603917e-02 1.028322650456351545e-02
1.743239096333134697e+01 -4.467227964715715371e-01 1.245935870802015143e-02 9.381647153123454791e-03
1.774705807205658914e+01 -4.754593693495790530e-01 1.157209207342498047e-02 9.449414201520543038e-03
1.805958467710519955e+01 -4.527134808449625458e-01 1.115843628891107463e-02 9.433151772034412824e-03
1.837383544781786071e+01 -4.705536340630787628e-01 1.037276201653611341e-02 8.693085631353866458e-03
1.868823897638795373e+01 -4.454350422234652496e-01 1.038946914255658299e-02 8.264874997875069212e-03
1.900327015737565972e+01 -5.158994771071083729e-01 9.777476866245386408e-03 7.799764973553178007e-03
1.931769930629911514e+01 -4.890275163135527348e-01 9.277966913998314871e-03 7.748964874237924787e-03
1.963070090682224844e+01 -5.077200128033786397e-01 8.831449013646372123e-03 7.518913046259424575e-03
1.994632250160967146e+01 -4.351983904776006717e-01 8.637217401088734259e-03 7.354941352932291287e-03
2.026036622288414080e+01 -4.896535864693147833e-01 8.380965425287068352e-03 7.055414381491247749e-03
2.057458238785238436e+01 -4.661684299149091992e-01 7.993886661298153784e-03 6.749586163090496964e-03
2.088907136058245584e+01 -4.448337341557382363e-01 7.621330032963987387e-03 6.300845311617028419e-03
2.120200324362565425e+01 -4.054328841884323187e-01 7.345464079977022734e-03 6.099261507835730851e-03
2.151712845135095975e+01 -4.512719747175729101e-01 7.010373360449946231e-03 5.846532655855018502e-03
2.183179280127812660e+01 -4.474890077744918537e-01 6.622532148295214201e-03 5.766344668988850064e-03
2.214498091610381536e+01 -4.529479634216171946e-01 6.323182383292713649e-03 5.811257042116014029e-03
2.245817209264929559e+01 -4.357469574288243552e-01 6.051498728332332586e-03 5.609991722265650002e-03
2.277207073127366144e+01 -4.582209846122924923e-01 5.817787958951841157e-03 5.225877416035944710e-03
2.308817235150528901e+01 -4.538549854385380833e-01 5.587936560387669373e-03 5.036253860784020535e-03
2.340322121011855216e+01 -4.763589042268612794e-01 5.337023318012897033e-03 4.824902043141903948e-03
2.371742621382182747e+01 -4.530704145185739384e-01 5.139070760456155434e-03 4.657491284760349563e-03
2.403178068407699897e+01 -4.592898766223062479e-01 5.122689446000902591e-03 4.532491451213715300e-03
2.434509629194348435e+01 -4.265906247096082349e-01 4.853996582587935538e-03 4.535852593517212747e-03
2.465848549799978073e+01 -4.813476157468681849e-01 4.718540066172245868e-03 4.193407762075098896e-03
2.497253373572267776e+01 -4.635604652735258457e-01 4.538398236307173393e-03 4.337530498703225448e-03
2.528579525667710470e+01 -4.861125443247287237e-01 4.466439139897851116e-03 4.066577264706810330e-03
2.559961998134047434e+01 -4.785542777596967778e-01 4.411225105383909453e-03 4.006748178897179269e-03
2.591563048884203013e+01 -4.572930860478035542e-01 4.150215472685253419e-03 3.852399076629068816e-03
2.623044819014549844e+01 -4.782693856308497526e-01 4.062993310275231709e-03 3.735400970034876474e-03
2.654378654241668301e+01 -4.516537315791916973e-01 4.002215317028111168e-03 3.585487243292352025e-03
2.685786763973363023e+01 -4.686720026098405434e-01 3.879370899961055805e-03 3.521003159543079249e-03
2.717289781891895828e+01 -4.427698691924926711e-01 3.702814979378378328e-03 3.365964104624323897e-03
2.748715326196108677e+01 -4.859008931562053268e-01 3.554463706817356274e-03 3.307741652720691625e-03
2.779968713750889009e+01 -4.933396830064147309e-01 3.463058757344175849e-03 3.214791291486278520e-03
2.811427338304828538e+01 -5.115596253639403956e-01 3.372722587189120116e-03 3.165621447565735314e-03
2.843005768613632966e+01 -4.804663669695897754e-01 3.308777428272236844e-03 3.031412456510844140e-03
2.874402294711039474e+01 -4.854803749925622469e-01 3.173144620254943465e-03 3.033460028786926378e-03
2.905775105170279815e+01 -4.663099892499614763e-01 3.165099154447447230e-03 2.851791262993349108e-03
2.937197248330484101e+01 -4.813975172044526185e-01 3.032616116310051131e-03 2.823462261358776308e-03
2.968588110148449744e+01 -4.859036263255963606e-01 3.010083457248478866e-03 2.753346273505153687e-03
2.999985977396841008e+01 -4.823612480118295576e-01 2.852149242695715091e-03 2.652895523728800078e-03
3.031339557562138509e+01 -4.788108208793419029e-01 2.826229610482645753e-03 2.607147082890514962e-03
3.062734788222267213e+01 -5.023755837928991497e-01 2.791874003066640870e-03 2.547021852458434144e-03
3.094238866520757369e+01 -4.696551177748519712e-01 2.736382391877197236e-03 2.429729810165641001e-03
3.125655283718949562e+01 -4.967439928857881881e-01 2.604429063658605849e-03 2.381903114021196016e-03
3.157013725191605147e+01 -4.837874926736847048e-01 2.621620824515010374e-03 2.372520931185554370e-03
3.188501781366027643e+01 -4.614609048590018192e-01 2.495469492000255366e-03 2.339698712870052783e-03
3.219928891657278314e+01 -4.739699820544231446e-01 2.492525155974320474e-03 2.259021698544682981e-03
3.251342708583055696e+01 -4.887364361105508426e-01 2.444446289304979137e-03 2.221830054337405828e-03
3.282793058849519241e+01 -4.983388321391874487e-01 2.429675874126540746e-03 2.156025123978727673e-03
3.314184641179626567e+01 -5.088978301870449306e-01 2.342687229367408728e-03 2.109111304344470517e-03
3.345592722481097070e+01 -5.025738569311024584e-01 2.281268763770657754e-03 2.062483121752094889e-03
3.377035099287802922e+01 -5.020022338553886687e-01 2.252707762488447008e-03 1.994749211211988092e-03
3.408417757296601991e+01 -4.831396520540333639e-01 2.198887683018813446e-03 1.944977358446467464e-03
3.439796266930849100e+01 -4.769088982350451755e-01 2.169924565309062740e-03 1.895356771251306043e-03
3.471172158519765816e+01 -4.910020729327960187e-01 2.070337951317629925e-03 1.845197431538400309e-03
3.502587701217368732e+01 -4.635967955337987889e-01 2.007028301055879989e-03 1.817405136708047679e-03
3.534062478304358734e+01 -4.883066756453551815e-01 2.027632046887932471e-03 1.821795117572671836e-03
3.565509504837460497e+01 -4.712918282270748271e-01 1.997855215408625169e-03 1.732988625095817532e-03
3.596959125585713224e+01 -4.586399242652923203e-01 1.965419099836581644e-03 1.701661444176156288e-03
3.628416903799056570e+01 -4.812772567501464871e-01 1.896589777695157795e-03 1.637811530309496054e-03
3.659826341354674639e+01 -5.004533301647035026e-01 1.828481192111480660e-03 1.575055532012734549e-03
3.691253995242461627e+01 -5.219450433301783265e-01 1.835427451040460775e-03 1.519558843947676563e-03
3.722632921057968503e+01 -4.641778298427923777e-01 1.817170993800823866e-03 1.549800842734315757e-03
3.753935550971355894e+01 -4.925556775840527202e-01 1.769813617693014214e-03 1.515392821668770304e-03
3.785379232658022630e+01 -5.083554034952547651e-01 1.717220926035776044e-03 1.499559042136730438e-03
3.816820616800478660e+01 -4.923293973594496942e-01 1.687925758845277907e-03 1.464600176829830439e-03
3.848231479931133237e+01 -5.121895777993138443e-01 1.642892148816758359e-03 1.445374273377944769e-03
3.879697432587706629e+01 -5.109128436194745326e-01 1.636704997683153650e-03 1.444876720505065869e-03
3.911164570994792911e+01 -5.231205942428661659e-01 1.608899561834050210e-03 1.383053565592260933e-03
3.942657468260119913e+01 -5.083728297364441540e-01 1.608380589295219142e-03 1.368324126726831041e-03
3.973948283489760769e+01 -4.886940416927252895e-01 1.578348209867269430e-03 1.338719279413064017e-03
4.005245548296176850e+01 -4.885067317732962877e-01 1.540371223649638320e-03 1.292748876386237266e-03
4.036682030863680382e+01 -4.695200275760579300e-01 1.496394029815633535e-03 1.259027108904906597e-03
4.068114744186932796e+01 -4.945019223327403735e-01 1.447983263487847986e-03 1.228742005410906430e-03
4.099576499480517811e+01 -4.884068974952374687e-01 1.426731274892432694e-03 1.189648436073511466e-03
4.130976318196394459e+01 -4.862313559314938582e-01 1.358834637181491334e-03 1.181658071076319887e-03
4.162448535040202557e+01 -4.828047952597553927e-01 1.374073747733973007e-03 1.187626205070922052e-03
4.193979654605389129e+01 -4.542472804360857541e-01 1.321510089587911224e-03 1.162433550593477104e-03
4.225317319851522058e+01 -4.659825352180675950e-01 1.324186226829285589e-03 1.128807977412363620e-03
4.256641433781323514e+01 -4.449746345324227526e-01 1.283842598618644987e-03 1.126108738657771464e-03
4.288099131951004495e+01 -4.655517037314833573e-01 1.264560300922609390e-03 1.079522944737132568e-03
4.319529238531207227e+01 -4.421902055177837632e-01 1.268449694577168836e-03 1.062064849095758698e-03
4.350919372743798874e+01 -4.232615200652149468e-01 1.247955349528927747e-03 1.040341722719425287e-03
4.382320548037633756e+01 -4.067997467886767526e-01 1.193394287830462554e-03 1.020983401195551653e-03
4.413751936699867429e+01 -4.247835586386777273e-01 1.181749635767836764e-03 9.972014715135359749e-04
4.445166384196934217e+01 -4.244974093711653129e-01 1.160110563124128061e-03 9.704717525663551390e-04
4.476542123556563268e+01 -4.078339384571276760e-01 1.146153592684889247e-03 9.732551293475369316e-04
4.507978260833547779e+01 -4.311956784226723127e-01 1.106679730639333276e-03 9.381807920538635156e-04
4.539416664047413974e+01 -4.463104179004906968e-01 1.091653765176919593e-03 9.349903685908890569e-04
4.570872053159931880e+01 -3.855662167222845826e-01 1.097302177219810744e-03 9.269559407329951151e-04
4.602315408858807189e+01 -4.279929301675621245e-01 1.059718486189110314e-03 9.030809018106243386e-04
4.633717207632355439e+01 -4.249266469319138428e-01 1.060748308026387629e-03 9.127945289890297470e-04
4.665162098677463831e+01 -4.041196316679461775e-01 1.045029622770184000e-03 9.033387525877355695e-04
4.696632892786939095e+01 -4.206498362532574142e-01 1.031824345394316209e-03 8.697646602168370138e-04
4.727987405199097992e+01 -4.187612338225470965e-01 1.004223253618763412e-03 8.514488874546555361e-04
4.759330009272585471e+01 -4.202751538197497805e-01 9.852720484614383486e-04 8.640113638513374382e-04
4.790706627765919023e+01 -4.080947792402730978e-01 9.782687365309571201e-04 8.488793982360495803e-04
4.822175472554553011e+01 -4.611050387247598858e-01 9.496623290593204708e-04 8.339362978014074144e-04
4.853677816784124133e+01 -4.311913682955859084e-01 9.509908523548256908e-04 8.259592327691971710e-04
4.885040384225014520e+01 -3.971739940882216269e-01 9.121280445414421548e-04 8.221905396146196848e-04
4.916411662681706929e+01 -4.175389573695580392e-01 9.156054976830161089e-04 8.148702752351574558e-04
4.947784845983336766e+01 -4.335830467485764506e-01 8.987897493438117089e-04 8.037934416428584809e-04
4.979228150960553734e+01 -4.295869942125444818e-01 8.789697040539506175e-04 8.034956417465920556e-04
5.010681053719186195e+01 -4.104906024070394399e-01 8.742375182170951430e-04 7.910066674757256465e-04
5.042024126675676854e+01 -4.053750800594996262e-01 8.535603195431478623e-04 7.660206656908472413e-04
5.073470749181217343e+01 -4.348122285114227048e-01 8.414570766139030378e-04 7.496409304622505274e-04
5.104962777186486278e+01 -4.129756654203909916e-01 8.413899330545869396e-04 7.596269228589112594e-04
5.136369902186972070e+01 -4.408330908647801194e-01 8.242169060315188102e-04 7.264238648484777931e-04
5.167795909480086181e+01 -4.286709431920873725e-01 8.306791254857984761e-04 7.362348278396655234e-04
5.199237786962974894e+01 -4.433200856465494555e-01 8.056542670350955821e-04 7.347850021472568252e-04
5.230634874716525218e+01 -4.067083788863590232e-01 8.008169074257304610e-04 7.240227626832704353e-04
5.262017184055142849e+01 -4.058039538777415967e-01 7.776912553756549270e-04 6.984987653572684264e-04
5.293403523258043464e+01 -4.334962124368422764e-01 7.721402394592736347e-04 6.955864968345135168e-04
5.324821665328946096e+01 -4.030183120914871964e-01 7.535986227388235788e-04 6.884207226545038631e-04
5.356283887204177319e+01 -4.326021933404113340e-01 7.427997864823209341e-04 6.849645326637712013e-04
5.387720244005389958e+01 -4.438329287822398439e-01 7.331292955535687137e-04 6.782456410349638892e-04
5.419124100940217659e+01 -4.101446747079995347e-01 7.209236702088450688e-04 6.727743585497940283e-04
5.450540119714083431e+01 -3.920538015345858551e-01 7.109710728102307383e-04 6.603055519653231939e-04
5.481948329783215712e+01 -4.160202472942156615e-01 7.077290150371783571e-04 6.510093203002830691e-04
5.513405660294207422e+01 -3.791014383418858102e-01 7.062692265692717365e-04 6.450698374221207560e-04
5.544815237974399480e+01 -3.817253319523878363e-01 7.003586927992263992e-04 6.281427584587847548e-04
5.576127142318796359e+01 -4.000361979027700077e-01 6.942062087228286806e-04 6.174489501345268704e-04
5.607510638073839004e+01 -4.011986401906967870e-01 6.757602823771744534e-04 6.033337730428138491e-04
5.638962869123960076e+01 -3.957740835207116392e-01 6.687267424041393789e-04 5.978465619850166501e-04
5.670447763341914538e+01 -4.071429029437285685e-01 6.616380460049797567e-04 5.886622980030821678e-04
5.701820248252029444e+01 -3.969723935115447855e-01 6.530419387348474890e-04 5.999138079294324358e-04
5.733195901604897671e+01 -3.875732457884463744e-01 6.375977842643818991e-04 5.955586445177063959e-04
5.764712064958249726e+01 -3.947994388687734446e-01 6.316124900499927013e-04 5.776488554763914906e-04
5.796144533755393269e+01 -3.983795021503261369e-01 6.332831140067051194e-04 5.910848129794042498e-04
5.827543609436339977e+01 -3.675191548009962283e-01 6.217062342506237543e-04 5.694194540905460258e-04
5.858965381281051066e+01 -3.630335167739732749e-01 6.169119516218487479e-04 5.695581072913667199e-04
5.890437181848294301e+01 -3.691700798567648101e-01 5.933548031629731247e-04 5.618867883368975453e-04
5.921838271257634290e+01 -3.559942694076301817e-01 5.965215903512699610e-04 5.528202069945526657e-04
5.953173211496333295e+01 -3.748712181094073226e-01 5.894167821796824020e-04 5.512635169536584528e-04
5.984561044172004074e+01 -3.863329428231689899e-01 5.879008104946956961e-04 5.513110208207471115e-04
6.016007886770730551e+01 -3.641478270021789587e-01 5.810354247396141763e-04 5.409868260660321204e-04
6.047434222208529064e+01 -3.537535265559059172e-01 5.725734964194647203e-04 5.313317334550545163e-04
6.078819510374049884e+01 -3.636923225715528729e-01 5.617502838812717548e-04 5.194902238381635552e-04
6.110248775855733072e+01 -3.719289786967973077e-01 5.512348109522726206e-04 5.280101299964366649e-04
6.141703083107434935e+01 -3.611713327668970019e-01 5.508320337807955580e-04 5.240515500361880245e-04
6.173164932884664324e+01 -3.169349618664754065e-01 5.375678759432264524e-04 5.020727742728975330e-04
6.204511235884282172e+01 -3.257410314351870673e-01 5.533484860511165117e-04 5.012290143234267303e-04
6.235874195723437197e+01 -3.148392080399015636e-01 5.337187593794673768e-04 5.106520525901615034e-04
6.267327299667211093e+01 -3.375828016239967311e-01 5.316614847815170171e-04 5.066101132832637405e-04
6.298749759460891795e+01 -3.570290226246073950e-01 5.132641375621869399e-04 5.083527569143229952e-04
6.330160715636269231e+01 -3.548445981936966809e-01 5.116688369330486428e-04 4.946403190833581183e-04
6.361581442360031957e+01 -3.452559563532354159e-01 5.069489477286830874e-04 4.951648686560677351e-04
6.393020775293106794e+01 -3.238080788849727609e-01 5.120767074411875343e-04 4.961994148412971753e-04
6.424432944667968570e+01 -3.342322682286260060e-01 5.154460296524801489e-04 4.963772623668739892e-04
6.455877100332915575e+01 -3.449371783794030755e-01 5.043033945530745648e-04 4.901974321892783393e-04
6.487328631868861351e+01 -3.561968509539626404e-01 5.093598608665397560e-04 4.855021912064963431e-04
6.518709135059721405e+01 -3.344586234790793977e-01 5.061555606538678358e-04 4.743335654745672500e-04
6.550086614613807967e+01 -3.234597013151586653e-01 4.888002334819355633e-04 4.757039413156274508e-04
6.581507238314434005e+01 -2.901456760362195464e-01 4.906084727291004557e-04 4.730205357501461724e-04
6.612933801816515711e+01 -2.897030752995575220e-01 4.839711261517672331e-04 4.665826351803847426e-04
6.644327462264372741e+01 -3.078576791553263581e-01 4.779149794608986363e-04 4.696409425087378405e-04
6.675724024772777909e+01 -2.867062790584321008e-01 4.794828780618649042e-04 4.687330035563128366e-04
6.707202581361374882e+01 -3.036556250703900672e-01 4.804887817445208944e-04 4.567075483796237097e-04
6.738654342085472138e+01 -2.960290215971060346e-01 4.772671674165637626e-04 4.560929461417086096e-04
6.770007949974387884e+01 -2.966936702166813045e-01 4.771787164915535103e-04 4.576263114558777297e-04
6.801413046488892178e+01 -2.923542171197218709e-01 4.716967615082480795e-04 4.514474331284448966e-04
6.832828432287988107e+01 -2.917235106924231380e-01 4.672989692673337639e-04 4.537359533245048735e-04
6.864257492412163231e+01 -2.827788551152343177e-01 4.641174657380072984e-04 4.502990060713026738e-04
6.895676864647008131e+01 -2.831407918624297970e-01 4.653805376890552195e-04 4.506483920861166655e-04
6.927047835745285909e+01 -2.757313085699844568e-01 4.520932556330833690e-04 4.475660956101213186e-04
6.958493206096495953e+01 -2.465672244608293762e-01 4.514326014914614394e-04 4.384133020716806219e-04
6.989922257197353872e+01 -2.558107263508013762e-01 4.529598773250496425e-04 4.421640065156232091e-04
7.021339417045909670e+01 -2.549658353138342104e-01 4.505126222024669297e-04 4.475564040274565059e-04
7.052773897424346217e+01 -2.573055577816345529e-01 4.518500417125060676e-04 4.399840926910653072e-04
7.084189167737326898e+01 -2.628037185100812745e-01 4.505762609392640152e-04 4.361001869520191076e-04
7.115590885935685606e+01 -2.595046639857006010e-01 4.493738966462378168e-04 4.366882356542291666e-04
7.146989005821200180e+01 -2.463477055661956738e-01 4.439041043103686759e-04 4.295783334178535063e-04
7.178434609113935494e+01 -2.509603656316158338e-01 4.480469043581394948e-04 4.405641230067494857e-04
7.209885608846497007e+01 -2.575121457664941715e-01 4.472019310367996749e-04 4.326649903932369614e-04
7.241268339266662224e+01 -2.791464960772134241e-01 4.410835775540362718e-04 4.365152722671140234e-04
7.272661744860863564e+01 -2.580592915554109634e-01 4.358666768728999916e-04 4.360639376842310858e-04
7.304096595759399690e+01 -2.821011535092036171e-01 4.366927922501820966e-04 4.336078182594077382e-04
7.335551822010131673e+01 -2.599239921100254813e-01 4.338558104745009604e-04 4.317522155043667753e-04
7.366964544744810439e+01 -2.646657943893879761e-01 4.308003952914173920e-04 4.304834203335877654e-04
7.398349826217994973e+01 -2.626692918776504237e-01 4.314623511740553539e-04 4.253772127485926720e-04
7.429780723014216903e+01 -2.566970582321063121e-01 4.286093321397590442e-04 4.243077072429995858e-04
7.461168053815575263e+01 -2.749307732535410942e-01 4.317365372905966180e-04 4.158517526217398461e-04
7.492512351899900125e+01 -2.700549891782848544e-01 4.184775752240144694e-04 4.300806606167443071e-04
7.523928760255913062e+01 -2.717854894071015104e-01 4.301571438964096211e-04 4.284010225251073424e-04
7.555379959472880103e+01 -2.510466562965304460e-01 4.284273290742262523e-04 4.337785229357343808e-04
7.586808174925810988e+01 -2.568178523006143799e-01 4.218337891981159137e-04 4.296997931539952480e-04
7.618242854845652801e+01 -2.395832255685721446e-01 4.196268687720509732e-04 4.264620035514344394e-04
7.649690178579460564e+01 -2.651806776708723890e-01 4.203056442909882317e-04 4.257647316208212429e-04
7.681150884569460402e+01 -2.365609182755867845e-01 4.225787669224419533e-04 4.231386974610254438e-04
7.712553593896940640e+01 -2.370411865588937794e-01 4.223755122715992794e-04 4.301542669210027450e-04
7.743919815414901109e+01 -2.380713521860650661e-01 4.273608942262550566e-04 4.232719477545066771e-04
7.775365348898256457e+01 -2.286429028286055820e-01 4.181704839688136902e-04 4.265920564288580574e-04
7.806786624636168881e+01 -2.171768277847241357e-01 4.209192864850862096e-04 4.321578153937981250e-04
7.838145605265704319e+01 -2.289289727407289865e-01 4.174305162908715930e-04 4.307463038955376125e-04
7.869568487021912517e+01 -2.367133023948787274e-01 4.223858137012738434e-04 4.295488790574779336e-04
7.901017726154370280e+01 -2.285429469469348884e-01 4.215107594643959887e-04 4.303809545264680758e-04
7.932426967172689558e+01 -2.221458747285511570e-01 4.115601205143381972e-04 4.435746700619352099e-04
7.963800071315027651e+01 -2.401906430469923914e-01 4.178661733247429318e-04 4.365049426419269113e-04
7.995232181973354102e+01 -2.222723365686513075e-01 4.226791923527245922e-04 4.409113913673961128e-04
8.026710683187394579e+01 -2.042514265087619629e-01 4.223607401759506838e-04 4.362599515636637329e-04
8.058098841817748337e+01 -2.146811653628832028e-01 4.184131114184482187e-04 4.385579280879451009e-04
8.089485841761938900e+01 -1.987554825933050828e-01 4.175142101960484069e-04 4.369987121716154823e-04
8.120913542700235155e+01 -2.033021888904763541e-01 4.149442795924616401e-04 4.344852994164688574e-04
8.152320399729813971e+01 -1.711304828544776280e-01 4.107462710142751770e-04 4.322944614035681356e-04
8.183741234158418365e+01 -2.004622791406791005e-01 4.070369301231769894e-04 4.310253239384458112e-04
8.215150691342314815e+01 -1.960047880205119109e-01 4.058512936621909060e-04 4.252192597120005042e-04
8.246540403166144984e+01 -2.079396833995311722e-01 3.995149342928359785e-04 4.264917060687085796e-04
8.277961243172062211e+01 -1.970505256423246698e-01 4.091421310796242400e-04 4.246422966525601871e-04
8.309391379915852838e+01 -2.076536816066704705e-01 4.062329878621300113e-04 4.279450889977907415e-04
8.340841199676388840e+01 -2.041481609941012410e-01 4.085295049280356127e-04 4.198388321670532713e-04
8.372247805522263775e+01 -2.147561474938775583e-01 4.033430978263860610e-04 4.193109679604062139e-04
8.403606928155355149e+01 -2.042871374229469905e-01 4.105133204838577591e-04 4.175521551444871717e-04
8.435060771194061147e+01 -1.998882361997187107e-01 4.042982751150011851e-04 4.172523518626446615e-04
8.466537403994669830e+01 -1.774530180857167017e-01 4.127008602597734125e-04 4.099751040829131095e-04
8.497903215174325453e+01 -1.920643290029040717e-01 4.122827333961127006e-04 4.095784963218298950e-04
8.529308967219921556e+01 -1.837741409035322238e-01 4.108952232771558672e-04 4.077490191148758084e-04
8.560758620939661512e+01 -1.959095821801950243e-01 4.053352538937755726e-04 4.150296755005188293e-04
8.592176930850853012e+01 -1.968599264061657028e-01 4.159509080249168132e-04 4.037044804700931373e-04
8.623592234680224067e+01 -1.930366928917560954e-01 4.137016498873382687e-04 4.061757822699331769e-04
8.654974592180241189e+01 -1.757250950240390464e-01 4.154738195169620208e-04 4.051113475767474312e-04
8.686431801595330171e+01 -1.758155880282353811e-01 4.135980372950321814e-04 4.051701348607073439e-04
8.717831512877299360e+01 -1.943372702653446138e-01 4.119517279682301573e-04 4.066413951474582233e-04
8.749180038885013744e+01 -1.921335566941652917e-01 4.148236187661656746e-04 4.104188160337218371e-04
8.780616393456979552e+01 -1.910735150184086351e-01 4.155048012748014177e-04 4.086451574311107519e-04
8.812053080281283712e+01 -2.064877178631126520e-01 4.114751481314112306e-04 4.073399034588453312e-04
8.843467894795254836e+01 -1.903377017164347429e-01 4.143050933741212181e-04 4.080794224712863552e-04
8.874883741935526871e+01 -1.927751610855453490e-01 4.071001405216808549e-04 4.115826398170050046e-04
8.906318108032054681e+01 -1.752284258333639266e-01 4.104508146643227385e-04 4.079434952181343701e-04
8.937728738028999942e+01 -1.954497898527043642e-01 4.088281362240481784e-04 4.092401344834154572e-04
8.969136461493712886e+01 -1.851599292289418663e-01 4.149143993077524504e-04 4.034903246940404814e-04
9.000538608708266963e+01 -1.873378892270914642e-01 4.150280489327666500e-04 4.042589806152442297e-04
9.031954569533935739e+01 -1.726319979442131336e-01 4.115939477289165321e-04 3.992452087257818876e-04
9.063372571371668585e+01 -1.891025853497081133e-01 4.151559158986242010e-04 4.023510606277414447e-04
9.094768176175277574e+01 -1.721974787052397704e-01 4.132025887986683424e-04 4.060563394419556258e-04
9.126192514543302536e+01 -1.658491892272929702e-01 4.142485484186866386e-04 4.044258719596838508e-04
9.157618431004050308e+01 -1.465019478076066139e-01 4.149535608283021703e-04 3.983217784745177962e-04
9.189052044903290550e+01 -1.545699798774486100e-01 4.212736298699311724e-04 4.020158141425284374e-04
9.220482130605392967e+01 -1.332659405236422956e-01 4.221201656122750370e-04 3.954875234108575464e-04
9.251884607514890035e+01 -1.402759102668170443e-01 4.265907511287986655e-04 4.025452394075504001e-04
9.283303729693140838e+01 -1.296619741246370916e-01 4.216702216357234119e-04 3.943185952828347999e-04
9.314717990438124673e+01 -1.358914618567038657e-01 4.202767682804762648e-04 4.053679701739941574e-04
9.346110245869820687e+01 -1.595535478551118047e-01 4.237702169482081131e-04 4.156353021720774268e-04
9.377539067864897504e+01 -1.278270399854410377e-01 4.212556498318205064e-04 4.096632675686369494e-04
9.408974975329175550e+01 -1.189847996675737207e-01 4.198069504398535003e-04 4.047688740662320562e-04
9.440389065687497805e+01 -1.499471960069536369e-01 4.152914558931015141e-04 4.092482796726178780e-04
9.471762225078724384e+01 -1.568649302960699876e-01 4.181905807082908402e-04 4.108895307586191863e-04
9.503189844255133778e+01 -1.481009771905415218e-01 4.261253077776201931e-04 4.156901049428604719e-04
9.534641686142936123e+01 -1.499790859856181546e-01 4.314190491118337378e-04 4.099342061311354716e-04
9.566011079292637476e+01 -1.648923405277798182e-01 4.332837484914935761e-04 4.214223138779615635e-04
9.597411172270480506e+01 -1.453882593306410342e-01 4.314384580330450029e-04 4.186230075489796908e-04
9.628850528735904390e+01 -1.352060021082869268e-01 4.323396905550186127e-04 4.250761225959560452e-04
9.660324551759315170e+01 -1.461346217354056731e-01 4.435625183393408972e-04 4.226717611805620007e-04
9.691703557560205695e+01 -1.538586058961964043e-01 4.402889116601806660e-04 4.238384699875314809e-04
9.723041430629675119e+01 -1.429390949276408695e-01 4.377650920229632587e-04 4.246049845778097193e-04
9.754484307012232591e+01 -1.236814238135619387e-01 4.417255686935657802e-04 4.232083938151551326e-04
9.785940598661414924e+01 -1.500655021235917652e-01 4.429943405948146072e-04 4.274208204735751183e-04
9.817375460369085260e+01 -1.260355560126716623e-01 4.416811376158533663e-04 4.235706250169120985e-04
9.848776640509666436e+01 -1.362954746751858792e-01 4.427589241021035057e-04 4.240544966003031318e-04
9.880206887482727041e+01 -1.336531695113477303e-01 4.563085361032583531e-04 4.251277357114259959e-04
9.911663016824624606e+01 -1.358489638680220324e-01 4.536098276851604268e-04 4.270211322944784081e-04
9.943058596528010185e+01 -1.211262333145474712e-01 4.573374933772013872e-04 4.322943941276924016e-04
9.974439643442121906e+01 -1.407739733068334442e-01 4.598737433798562812e-04 4.292764191446352064e-04
1.000586520672233490e+02 -1.152288263052040490e-01 4.669921365343949592e-04 4.333389516638075085e-04
1.003726311243779179e+02 -1.269118701113790548e-01 4.730158424342217980e-04 4.331469213590192742e-04
1.006863609310031933e+02 -1.323709058179083908e-01 4.652919262317139950e-04 4.395358662039198019e-04
1.010005540192626654e+02 -1.651602699688053399e-01 4.680623530123778392e-04 4.406125973098318606e-04
1.013152026415403526e+02 -1.442126569975300254e-01 4.725323016198081311e-04 4.522792972704648470e-04
1.016293679138634474e+02 -1.272495729733407743e-01 4.825360230302757551e-04 4.582731612466215592e-04
1.019430501884507123e+02 -1.132471441499985076e-01 4.847114189949332328e-04 4.533119863506794881e-04
1.022572449755250830e+02 -1.142927766864375028e-01 4.854774691930724699e-04 4.520352914562793495e-04
1.025718418130836085e+02 -1.139786559574679364e-01 4.963740314079779451e-04 4.586924909652923118e-04
1.028861911017171309e+02 -1.071079563119391731e-01 4.941676842737270908e-04 4.707680551715928154e-04
1.032002231702024488e+02 -1.080022477637365419e-01 5.044782662698229668e-04 4.680095939130661043e-04
1.035146392105253028e+02 -1.154549563064261597e-01 4.997238768730271914e-04 4.775495533137445042e-04
1.038292359262971019e+02 -1.078403720958546336e-01 5.084447875969410474e-04 4.761551231972057166e-04
1.041427121533907894e+02 -1.052787178676346941e-01 5.064557962832253943e-04 4.843125690626429625e-04
1.044561295689368592e+02 -1.225603281436971059e-01 5.066327343582883959e-04 4.998629125550672165e-04
1.047708650889197202e+02 -1.129147290133642040e-01 5.109504032055476501e-04 4.917729526808399445e-04
1.050851522319120050e+02 -1.081476439470106521e-01 5.188123432275642145e-04 4.981194287120496852e-04
1.053986366683002274e+02 -1.118304627770399240e-01 5.271964232919527709e-04 5.127279806394785143e-04
1.057127898378478079e+02 -1.151365287995402137e-01 5.345211094219109180e-04 5.084348504716805928e-04
1.060268944924848569e+02 -1.241298725562112182e-01 5.360986062986575901e-04 5.158896042432006748e-04
1.063410375396088767e+02 -8.322345089125816886e-02 5.344904252488117367e-04 5.276986038121983221e-04
1.066553351020730247e+02 -1.080248681139065886e-01 5.318725049584052417e-04 5.204251998573433810e-04
1.069700059615547190e+02 -8.596966200234713862e-02 5.507798050689629308e-04 5.320807734066251892e-04
1.072844699292986519e+02 -8.585698062244355444e-02 5.552799163951151673e-04 5.371407946786588934e-04
1.075978948412114846e+02 -1.045863095103151674e-01 5.505562826106730418e-04 5.436565168005937478e-04
1.079120166734675905e+02 -8.687075856624267012e-02 5.604733315727419450e-04 5.556804867938009264e-04
1.082265240460195344e+02 -8.002663151209818415e-02 5.619359286781314177e-04 5.622633569636927833e-04
1.085408584143816313e+02 -7.746160609195436308e-02 5.716173966914957997e-04 5.573640613788644190e-04
1.088549564965246503e+02 -7.182501925009215915e-02 5.768151976434664251e-04 5.649651320836944143e-04
1.091688370133313128e+02 -5.397401378946203171e-02 5.786640546571992323e-04 5.635251343465290689e-04
1.094827263230301497e+02 -5.738598058852019401e-02 5.866322930168372651e-04 5.772540261386862942e-04
1.097969070918947239e+02 -6.166826290740253652e-02 5.931622881365618619e-04 5.817278301018619048e-04
1.101108614334973623e+02 -5.699405709340605447e-02 6.004965108295241393e-04 5.953992473804892854e-04
1.104249250424424247e+02 -7.630254643465123054e-02 5.835763928477203212e-04 5.917772993135990076e-04
1.107396862323123798e+02 -9.434581546298315136e-02 6.018670149246736550e-04 5.915062495069657589e-04
1.110537909171902697e+02 -8.228755143839870667e-02 6.048140258901017622e-04 6.072578917848372093e-04
1.113669060996339368e+02 -5.512451493441521133e-02 6.078006417109804976e-04 6.122822538017218437e-04
1.116813961317518391e+02 -1.776203422465109233e-02 6.142360696673745089e-04 6.136322362377863004e-04
1.119964394851646432e+02 -2.876219452220196357e-02 6.096565923179403336e-04 6.029030282963130033e-04
1.123100421113602607e+02 -4.198236609156735105e-02 6.309663141123352664e-04 6.059049889641955752e-04
1.126240536101794447e+02 -3.150665734928526085e-02 6.147606883619775560e-04 6.128842711896978230e-04
1.129379966505166095e+02 -1.853510481874411781e-02 6.271221855716396830e-04 6.044640382178873830e-04
1.132518883338644571e+02 -3.393758023039097210e-02 6.130416148133444824e-04 6.045537015020551993e-04
1.135651955722218958e+02 1.947102285059287895e-04 6.173907975582324523e-04 6.167192522838149888e-04
1.138794864110013094e+02 -1.928335114469113820e-02 6.301077012405558331e-04 6.149105284914246471e-04
1.141949152711211468e+02 -2.830221488826224069e-02 6.292303660295866770e-04 6.154726025158539868e-04
1.145085006125939486e+02 -2.504101084697915938e-02 6.398887115142047827e-04 6.308180010334300727e-04
1.148226787009071472e+02 1.665261769587135683e-03 6.501676288833528345e-04 6.340114319687142419e-04
1.151376864260383286e+02 2.700586196907821604e-02 6.527864353310462026e-04 6.363336487045203249e-04
1.154516629928821345e+02 5.424958366647752994e-02 6.525725550497299453e-04 6.310536284260449434e-04
1.157653370245882627e+02 6.868601450818782872e-02 6.633065262644029410e-04 6.389728955953236176e-04
1.160792451527899374e+02 6.696811713994135773e-02 6.483768756349786834e-04 6.413594373391097881e-04
1.163937924399171351e+02 7.630755360384135211e-02 6.704212532868603818e-04 6.433334943225480114e-04
1.167077718997228715e+02 5.533369852193460031e-02 6.687350280412696643e-04 6.543958549748576199e-04
1.170209684355608175e+02 3.828666637247551963e-02 6.728817696635842329e-04 6.589844008652766738e-04
1.173353550341486908e+02 2.390635848936725413e-02 6.816018166447433604e-04 6.821398087574896988e-04
1.176501645799607303e+02 4.490820215712960917e-02 6.770569290606322363e-04 6.730810453921715368e-04
1.179644947224674354e+02 2.918835456711458068e-02 6.879593020493119174e-04 6.834171512594386421e-04
1.182776938495577781e+02 7.266836403469693895e-02 7.035499933429835342e-04 6.819316671104150730e-04
1.185912892856654111e+02 3.382709752096770689e-02 7.088763332091876663e-04 6.834462094508048872e-04
1.189070451600216956e+02 1.818513485149018949e-02 7.148789383137362343e-04 7.004371214613474249e-04
1.192214046293417056e+02 2.953511681332642025e-02 7.295125655736156957e-04 6.958622587780635390e-04
1.195346291216650485e+02 2.533299199152192274e-02 7.520284583944776124e-04 7.085117567832980223e-04
1.198494069192820177e+02 3.621761686565203031e-02 7.510483826651847324e-04 7.132681591765959242e-04
1.201651774213734711e+02 6.953274986330842955e-02 7.655557655710651041e-04 7.363907535538125179e-04
1.204786536827043477e+02 7.188481894044032594e-02 7.696483689649877410e-04 7.282733773416631088e-04
1.207915400692489953e+02 7.843858071960191358e-02 7.790155937538566092e-04 7.571155369338769623e-04
1.211071928381454228e+02 5.156484194290820999e-02 7.883746641493283042e-04 7.517655424387816596e-04
1.214215028776850147e+02 1.675420208663184682e-02 8.146873822578808676e-04 7.539845176018945827e-04
1.217338884389058649e+02 6.301715001873231005e-03 8.338436356540390813e-04 7.883326122556524136e-04
1.220485106288860493e+02 5.740637339443926263e-02 8.763610317416474851e-04 7.883303798084543906e-04
1.223649490634236514e+02 1.396090139088355248e-02 8.688504320247227497e-04 7.981598326623350233e-04
1.226784559227979088e+02 -2.380063377919786755e-02 8.870310494360829790e-04 7.851960193169155210e-04
1.229900019072183710e+02 4.376836413150128613e-02 8.826626624311640539e-04 8.381177598192955745e-04
1.233054617452374941e+02 4.630068200890342933e-02 8.936937418822238225e-04 8.336065476597184385e-04
1.236207153644814696e+02 4.611548820216612027e-02 8.918318165613947201e-04 8.337274129647606223e-04
1.239331775844842269e+02 5.709813596911893219e-02 9.100293242508401782e-04 8.675237055329088239e-04
1.242467158139630072e+02 -2.251142749293251824e-02 9.398320428574862603e-04 8.704707877362589594e-04
1.245621415556689300e+02 7.996783519663470605e-03 9.554795566755942566e-04 8.898041359431269883e-04
1.248777688129184185e+02 4.392508032035644799e-03 9.951799966417620730e-04 8.984945972335207833e-04
1.251901895103835471e+02 2.986842544003428385e-02 1.038929565347260827e-03 8.828635004257668045e-04
1.255025226680442643e+02 4.322976016890832558e-03 1.021154873988146640e-03 9.224644127693470324e-04
1.258194076678557138e+02 -6.949108274151756526e-02 9.855631162867370312e-04 9.340300036481167210e-04
1.261348474644680522e+02 -2.111348893200649252e-02 1.032482605052971849e-03 9.503253641054259506e-04
1.264456058988723584e+02 6.529581855705816548e-03 1.034319330207998872e-03 9.559703298874468918e-04
1.267597475488652208e+02 2.807161259705173457e-03 1.058455019754615724e-03 1.012595475906810953e-03
1.270776507546071201e+02 -2.972473759501071192e-03 1.063293944424473182e-03 9.982397012840034650e-04
1.273916799420037762e+02 -2.025591587002591176e-02 1.094314656937885911e-03 1.007169210461763718e-03
1.277013863115962664e+02 -5.923039366022430502e-02 1.119831660799127824e-03 1.077658443566196144e-03
1.280167859978632805e+02 -5.959996927628907065e-02 1.105915990469041486e-03 1.091056584263275968e-03
1.283361908734028702e+02 -3.695442932727484309e-02 1.167217679001520065e-03 1.098653263411982547e-03
1.286473756702684170e+02 -1.576867618669419019e-02 1.180131079370608238e-03 1.093803078315912962e-03
1.289556262653206886e+02 -3.265234167775293850e-02 1.168782036032156363e-03 1.132593722460526614e-03
1.292737748060940248e+02 -3.995424554463457983e-02 1.228777979688504707e-03 1.148674028450007243e-03
1.295925097523526404e+02 -2.790502129016110555e-02 1.249250904259378240e-03 1.217976827690034954e-03
1.299029660740884253e+02 -4.330225917640601573e-03 1.257016325265383110e-03 1.248716219904980919e-03
1.302148579946444045e+02 -1.396606661340945264e-02 1.307454613218588749e-03 1.257819143084791058e-03
1.305337248755816688e+02 1.350324132851409530e-02 1.347756721203661546e-03 1.351058155949579889e-03
1.308466417091605081e+02 -5.109331214557387424e-02 1.345786853001680649e-03 1.257534886076627041e-03
1.311504272509779696e+02 -6.718678600410539492e-02 1.407542905741588409e-03 1.354620502507536623e-03
1.314698765474287825e+02 -8.271526188317569750e-02 1.398536278202618197e-03 1.433265525115769634e-03
1.317955287853964421e+02 -9.377290958980437352e-02 1.377176040349441808e-03 1.342024266011513853e-03
1.321014893121398757e+02 -2.245950152844306338e-02 1.465346187868772155e-03 1.376831524823307661e-03
1.324019756095517835e+02 3.782562319474363360e-02 1.575715334130044481e-03 1.494410846033923093e-03
1.327270481147153305e+02 1.922654686038014621e-02 1.542500270489418441e-03 1.501414457717395413e-03
1.330590141288029429e+02 -6.988315262057280541e-02 1.575658255356221808e-03 1.577832873005952184e-03
1.333597573729420844e+02 -4.266425800111165595e-02 1.544504440735895842e-03 1.646012987529713685e-03
1.336545450502629535e+02 1.700669114615895689e-03 1.598428787358971469e-03 1.566757028477286286e-03
1.339865882222744347e+02 3.914771810304713134e-02 1.693088711387686750e-03 1.731585184364293909e-03
1.343233465511614213e+02 -1.562572311551251080e-03 1.551153985778201683e-03 1.733261027794625155e-03
1.346099178234919407e+02 -4.267353047841038888e-02 1.679735841281182864e-03 1.763717174491723303e-03
1.348982338606730309e+02 3.251327653949736413e-02 2.014214384377203092e-03 1.701503735901255992e-03
1.352445969684641227e+02 2.258102847135100635e-02 1.919791151144301404e-03 1.964077138889958399e-03
1.355910131574484012e+02 -2.665440392759550400e-02 2.173036881868563135e-03 1.916069775805538796e-03
1.358548951693456672e+02 -2.895759267056791098e-02 2.255743334892201368e-03 2.304671376666444019e-03
1.361393223299698718e+02 -4.165517619380682685e-02 2.386594507990663985e-03 2.244033695464445460e-03
1.364973923434689027e+02 -4.351216479061787573e-02 2.464649162734569056e-03 2.641553191281983785e-03
1.368532643902742336e+02 -4.418744998378962979e-02 2.757435998932051581e-03 2.772719561491152930e-03
1.371244101954353596e+02 2.430410127613312488e-02 3.251102950404424503e-03 2.983337282411434917e-03
1.373936659185979750e+02 -3.272971318838095028e-02 3.257073500454744572e-03 2.660549261254647156e-03
1.377521569172451166e+02 6.318091408749654248e-02 3.824392778328179060e-03 2.996720209221349473e-03
1.381099672185708016e+02 8.135705789083959305e-02 3.918790109690061842e-03 4.127835772878654143e-03
1.383946394093705123e+02 1.978118853565010438e-01 5.712345561350742548e-03 6.624443764814733071e-03
1.386415991234134992e+02 1.250314117263643110e-01 5.528240662595907198e-03 5.409191318208473286e-03
1.389827905860589681e+02 1.469251078463851001e-01 1.166112232198950743e-02 9.763126999980413154e-03
1.392997911731879128e+02 2.899060350508061434e-01 5.764770311329501379e-02 2.867270577363992962e-02
