0.222491030617 173.962508654 46.0765740273
0.376978054127 66.4207124889 11.7660775397
0.536197546614 33.6328008143 3.53883302803
0.695915194122 21.0274632031 2.655924264
0.858774946451 14.3415888158 1.50696793202
1.01197169036 10.7457979663 1.13234701821
1.16917917089 8.3152564372 0.86641638723
1.32705627544 6.79019223079 0.722016870088
1.48634061024 5.67847160129 0.625370023815
1.64405620365 4.81558797647 0.570720754305
1.79915822667 4.1827079099 0.48419089704
1.95696522892 3.69694486728 0.425199865932
2.11759973646 3.28082920123 0.397294895191
2.27421365513 2.94068847334 0.356043486814
2.43019744421 2.70310168324 0.345535455692
2.5869075974 2.44714923438 0.313162869611
2.74394111064 2.27837375461 0.289155149758
2.90135771195 2.1197475652 0.281264509625
3.05917416634 1.96793088557 0.253524866655
3.21704315773 1.84718632222 0.234524677355
3.37375200416 1.73641197415 0.221738546964
3.52987389711 1.63063012325 0.212940103522
3.68783393937 1.54386974341 0.192881895213
3.84466268563 1.45894700941 0.187321724347
4.00164386013 1.39091475468 0.180338762531
4.15997792172 1.32530075286 0.173753278536
4.31798911444 1.25959818896 0.161740808345
4.47441303344 1.20800457656 0.162887366391
4.63088422662 1.15398727089 0.149853193656
4.78701696835 1.10882995987 0.144434683815
4.94472467163 1.06303695013 0.140931132272
5.10234433862 1.02568090521 0.133704972363
5.25984825652 0.984561070638 0.126159648428
5.41727427456 0.949282184011 0.120040520638
5.57425070304 0.913732987216 0.116908550405
5.73155006772 0.88212374993 0.109225174958
5.88785377092 0.852204937213 0.104512089686
6.04477645954 0.821965982902 0.100141728401
6.2021413486 0.79387254384 0.0942737571595
6.35873064218 0.769797257687 0.0894370368249
6.51583562971 0.746495933937 0.0864808827686
6.67314342724 0.722093216025 0.0821518287213
6.83105835785 0.700757530455 0.0780234180636
6.98882420021 0.679030404984 0.0756639658708
7.14591573079 0.657877578754 0.0710003806656
7.30219067849 0.639034284621 0.067523065096
7.4586246111 0.622358897723 0.0649671206076
7.61595659852 0.604160679946 0.062696518595
7.77319781751 0.587412265439 0.0600909091482
7.93042042905 0.571233201635 0.057303786444
8.08796891986 0.555166227672 0.0551441774524
8.24542054388 0.539603210222 0.0528406993856
8.40294107364 0.524288698969 0.0492247344062
8.55925093927 0.509941575191 0.047798803153
8.71619548167 0.497386690507 0.0462528575699
8.87352903603 0.483248699448 0.045270678387
9.02979233855 0.471718505688 0.0432580167337
9.18691772391 0.459455768825 0.0414430424796
9.34411948819 0.447966758932 0.0397123949956
9.50163507869 0.436270579841 0.0380479356871
9.65884965315 0.42512453724 0.0367695875695
9.81535045341 0.414858012351 0.0347077922951
9.9731612508 0.405276452197 0.0331658506344
10.1301831114 0.394893641271 0.0327678391083
10.2872911939 0.385802632283 0.0317483071621
10.4445356803 0.37715577218 0.0299095593707
10.6010016218 0.367886511236 0.0286876178083
10.7585642257 0.358989538468 0.0277778747545
10.9158964006 0.35130587973 0.0271082741136
11.0724904581 0.343463188133 0.0264972348213
11.2290860463 0.335194085588 0.0244626857875
11.3860353656 0.327360313796 0.0243635693126
11.5440861758 0.320233948426 0.0234875530715
11.7016106051 0.313111368465 0.0226404284621
11.8587131069 0.306112504287 0.0222336581418
12.015890342 0.300008454206 0.0212860399256
12.172548146 0.293241033495 0.0215338128607
12.329242749 0.286721979894 0.0197075980781
12.4862668679 0.280919619172 0.0193999983047
12.6428976283 0.27485919948 0.018749882881
12.7998099907 0.269298380988 0.0181725112393
12.9578152444 0.263599104935 0.0174836535859
13.1152240951 0.258303811128 0.01714309354
13.2718932712 0.252953728691 0.0166841253223
13.4289338199 0.247784799206 0.0162280922501
13.5864489095 0.242820901239 0.0158463202325
13.743576631 0.238121565006 0.0152519098054
13.8998435688 0.233182395175 0.0150469784763
14.0571366915 0.228865123174 0.0144020154333
14.2150288431 0.224412816606 0.014159701086
14.3720114736 0.219887541488 0.0137616250005
14.5288755259 0.215646075584 0.0132128276715
14.6859862417 0.211305001992 0.0126815109116
14.8429405507 0.207285048677 0.0124533623805
14.999929887 0.203479571863 0.012087450111
15.1566977878 0.199932898149 0.0119238244625
15.3136739411 0.196420601155 0.0113182932943
15.4711943326 0.192618138323 0.0112537050728
15.6282764186 0.189141606324 0.0109160464215
15.785068626 0.185910209933 0.0106689752801
15.9425089068 0.182408428068 0.0103108490005
16.0996444583 0.179249857889 0.0101181211133
16.2567135429 0.175999092084 0.00978231050645
16.4139652942 0.172815520521 0.00956489508146
16.5709232059 0.169847424105 0.00935570626827
16.7279636124 0.166756944924 0.00905947554999
16.8851754964 0.164051701842 0.0089179102093
17.0420887865 0.161271043473 0.0085279239366
17.1989813347 0.158411730558 0.00839090675412
17.3558607926 0.155863510226 0.00828188703817
17.5129385061 0.153323131679 0.00794180750791
17.6703123915 0.150799434644 0.00768676615431
17.8275475242 0.148373674124 0.00764236290592
17.9847956279 0.146007842759 0.00751587120814
18.142084519 0.143463421337 0.00740777762927
18.2991317068 0.141280325576 0.00718043876789
18.4562699762 0.138966446816 0.00692678580502
18.6131646053 0.136905651662 0.00691052085385
18.7696777549 0.134655342958 0.00675798038549
18.9268961633 0.132557792416 0.0064499383046
19.084103084 0.130553698744 0.00644584736602
19.2411573997 0.128560870187 0.0061594926368
19.3984871629 0.126546883238 0.00610817786305
19.555822855 0.124696845698 0.00603804474225
19.7132873413 0.122742576161 0.00575451733615
19.8697414174 0.120986010872 0.00559553701235
20.0262277415 0.119035132195 0.00560660070144
20.1834101543 0.11742338115 0.00544291381684
20.3405737209 0.11568203385 0.00533792180138
20.4978824974 0.113928143466 0.00539402505999
20.654881591 0.112269586122 0.00511288611817
20.8122426752 0.110698390383 0.0051062033459
20.969898273 0.109206232411 0.00507174194714
21.1265865993 0.107650648194 0.00495547382881
21.2832071689 0.10607923183 0.00476872556496
21.4404956598 0.10453716415 0.00463931129343
21.5976461927 0.103153020535 0.00459733763229
21.7545968637 0.1016706397 0.00458807774695
21.9116027402 0.100251381246 0.00451775724255
22.0687596835 0.0989194172258 0.00432130010085
22.225831921 0.0976188685868 0.00423557183209
22.3827106178 0.0962918423968 0.00419120257186
22.5398913042 0.0949489048113 0.00411173955057
22.6970833202 0.0937477597451 0.00396056890856
22.8543602658 0.0925230904159 0.00394271141601
23.0115770443 0.0912386793116 0.00384926477474
23.1685860382 0.0900314615921 0.0037812984552
23.3258104934 0.0888709211926 0.00370536046672
23.4831644639 0.0877188980175 0.00371930402283
23.639937026 0.0866467749343 0.00360554790643
23.7966500464 0.0855858896113 0.00359829119014
23.9535331388 0.0844739368034 0.00355364013126
24.1108773628 0.0833570255758 0.00349800854003
24.2683890839 0.0823326715686 0.0034096476785
24.4252019211 0.0813755922716 0.00334316721715
24.5820583134 0.0803399538263 0.00334418060075
24.7389242299 0.0793494669691 0.00322202811666
24.8961407548 0.0784452556366 0.00319558797373
25.0534052686 0.077492510559 0.00311659874966
25.2101206334 0.0765506155996 0.00301766117071
25.3673537459 0.0756938591288 0.00297045888655
25.5248138859 0.0747626460929 0.002913750343
25.6818495109 0.073918096701 0.00287117974678
25.8389795474 0.0730412452139 0.00284469985456
25.9961889348 0.0721561082036 0.00279166067025
26.1531743736 0.0713483129706 0.00270214506508
26.3100859203 0.0705156354067 0.00264672453471
26.4670176163 0.0697164402427 0.00266286487107
26.6241083266 0.0689067866329 0.00255735484153
26.781419436 0.0681260330978 0.00257147226115
26.93860122 0.0674148408551 0.00251686000109
27.0956205047 0.0666530337169 0.00248835794356
27.2527005986 0.0658847381393 0.00246966966074
27.4097416489 0.065139761479 0.00243746248325
27.5670283015 0.0644528700024 0.00239541920584
27.7240761899 0.063774166993 0.00232229109573
27.8806357116 0.0630681594059 0.00230966407774
28.0375531904 0.0623872924485 0.00229492772485
28.1948143456 0.0617302797794 0.00221073932532
28.3522388167 0.0611179569119 0.00220427864882
28.5091012413 0.0604837278585 0.00216593356427
28.665979508 0.0598206849183 0.00213203203173
28.8235603248 0.0592105437645 0.00208146802491
28.9807226688 0.0586297041379 0.00210297017429
29.1377180472 0.058042172387 0.00205860242942
29.2948269064 0.0574554507606 0.00203653499196
29.4521859092 0.0568952018536 0.00203379682352
29.6091913563 0.0563197686853 0.00200083497502
29.7658660575 0.0557688976524 0.00198272854315
29.9228052209 0.0552106084691 0.00193922227216
30.0800394339 0.0547008034128 0.00191371887003
30.237171111 0.0541830301125 0.00187938169188
30.3940975519 0.0536366549925 0.00181974106794
30.5512438793 0.0531462985323 0.00183697720349
30.7085154155 0.0526655632643 0.00183680897682
30.8658246644 0.052150706683 0.00178423472132
31.0225561794 0.0516605453082 0.0017438589794
31.1793709786 0.0512300983502 0.00175756438879
31.3366364983 0.0507567808337 0.00176600015744
31.4937487973 0.0503413210504 0.00172788852787
31.6508035782 0.0498924331605 0.00170241368148
31.8079072118 0.0494519771722 0.00172285757835
31.9651038765 0.0490617800192 0.00169273674332
32.1221647233 0.0485854848715 0.00162349259464
32.2793855017 0.0482196234906 0.00163480355823
32.4366431593 0.0478017468908 0.00159378514944
32.5935456753 0.0474176482967 0.00160650122381
32.7504330731 0.0470459106188 0.00157917630972
32.9075361916 0.0466947460485 0.00155044805196
33.0646690091 0.0463339685461 0.00154750723855
33.2216373113 0.0459572819348 0.00152882796837
33.3786201239 0.0456438107756 0.00152715915254
33.5360129068 0.0452957955448 0.00151592181159
33.6932717104 0.0449616126765 0.00149427787885
33.8500397499 0.0446328133656 0.0014481945763
34.0070652324 0.0443115348326 0.00146303828207
34.1641421614 0.0440003320555 0.0014150007899
34.3212874621 0.0436897866244 0.00144003611939
34.4783843232 0.0433978792672 0.00140835568137
34.6352391787 0.0430725770433 0.00140699938278
34.7924660305 0.0428225582432 0.00138652126463
34.949611286 0.0425392775791 0.00137794498073
35.1066970852 0.0422999935786 0.00133672601637
35.2638694871 0.042037195181 0.00132921318107
35.4209458387 0.0417919717928 0.00133283062869
35.5779544297 0.0415512086614 0.00131541586113
35.7349450291 0.0412938955819 0.00130194219205
35.8921730456 0.0410991984452 0.00129352858762
36.0494280442 0.0408529244779 0.00129733606948
36.2063416963 0.0406582497477 0.00128671715039
36.3633087243 0.0404628647945 0.00128140939969
36.5204829788 0.040263041467 0.00126953500373
36.6777591101 0.0400826979667 0.0012565261357
36.8348227237 0.0399115578241 0.0012772283095
36.9917491311 0.0397551158036 0.00125865126753
37.1489036151 0.039591685385 0.00126439773385
37.3058402691 0.039432535837 0.00123354583061
37.4625617595 0.0393168906561 0.00121993981046
37.6196438013 0.0391608822335 0.00121579822035
37.7768997974 0.0390332135438 0.00123901787313
37.9340408746 0.0389431603629 0.00122453706839
38.0912142742 0.0388201730604 0.00120376353571
38.2484508929 0.0387497355503 0.00121295411477
38.4057544228 0.0386342844687 0.00121776320921
38.5627679695 0.0385851598439 0.00120631964662
38.7195990771 0.03849656733 0.0012008231379
38.8768267445 0.0384425812233 0.00121984708493
39.0339331232 0.0384113257728 0.0012065699971
39.1907280263 0.0383557629045 0.00119732707884
39.3478424351 0.0383504282455 0.00120061087906
39.5050886308 0.03831882177 0.00120308579341
39.6621348359 0.0383227764788 0.00119357314314
39.8190003566 0.0383271552811 0.0011910826793
39.9761609099 0.0383297495815 0.00119348536186
40.1335534159 0.0383856468954 0.00119395730886
40.2904942091 0.038264081832 0.00119333578236
40.4474292088 0.0380619862125 0.00117811082328
40.6045677135 0.0378468859759 0.00117796351107
40.7616019986 0.0376217405572 0.00118676830186
40.9187061708 0.0374102395417 0.00115825516967
41.0757534567 0.0372070213307 0.00116226365466
41.2327020158 0.0370076770126 0.00114340172202
41.3898062159 0.0367760504041 0.00112595402219
41.5469568996 0.0366215960202 0.00112142723993
41.7042059984 0.0364309086444 0.00112673112293
41.8612390276 0.0362369124244 0.00113344319511
42.0180346408 0.0360469841639 0.00111253440577
42.175303856 0.0358588684816 0.00110392273985
42.33268702 0.0356762740541 0.00112065661797
42.4895160759 0.0355038501743 0.00109820259556
42.6465448361 0.0353380368469 0.00108353695989
42.8037931047 0.0351767400257 0.00108164083168
42.9608846543 0.0350082896898 0.00107533016458
43.1179611734 0.0348260038935 0.00107223409522
43.2748729609 0.0346925702511 0.0010510420919
43.432159008 0.0345245955806 0.00104299134129
43.5891575644 0.0343783650371 0.00104146790801
43.7459001944 0.0342282242074 0.0010281853975
43.9030819673 0.0341110157024 0.00103403869318
44.0602654014 0.0339425451347 0.00103654701971
44.217339474 0.0338132992179 0.00104333808644
44.3744187097 0.0336765806136 0.00102946821935
44.5315905402 0.0335407985485 0.0010200597749
44.6886436901 0.0334010625124 0.00100079984459
44.8456823075 0.0332937178247 0.0010203143572
45.0026930435 0.0331868526367 0.00100844618235
45.1597728477 0.0330340125278 0.00100232052819
45.3168628569 0.0329465705982 0.00100538415662
45.4738408809 0.0328264483184 0.000995345607289
45.6309625727 0.0327544045588 0.000996696600508
45.788092155 0.0326238160921 0.000998761226078
45.9452602245 0.0325219761651 0.00097990959292
46.102410653 0.0324307424992 0.000996077292842
46.2594230376 0.0323478282931 0.00099227283402
46.4165186485 0.0322435362622 0.000987121077855
46.5735899522 0.0321495386622 0.000981867138889
46.7305512293 0.0320814888543 0.000982325046462
46.8876953393 0.0320115589436 0.000970532332064
47.0448748766 0.0319295633209 0.000982527886201
47.2019453284 0.0318820117453 0.000979291351465
47.3588111254 0.0317982001889 0.000981176744031
47.5159492213 0.0317290884713 0.000971060094907
47.6732084307 0.0316782237914 0.000982195795861
47.8300553965 0.0316217389093 0.000974906651298
47.9870558614 0.0315851375521 0.000955901574548
48.1442526437 0.0314992676789 0.000943256808157
48.3016227588 0.0315070013132 0.000960843126347
48.4585177878 0.0314142767339 0.000971735982512
48.6152071531 0.0314176965972 0.000974434851405
48.7724215351 0.0313775614372 0.000971606729116
48.9297029933 0.031337016686 0.000967586574586
49.0868773018 0.0313403645808 0.000964665657307
49.2438832025 0.0312851830677 0.000982516481008
49.4010344374 0.031303167047 0.000970661053264
49.5583150841 0.031268142934 0.000960755731946
49.7152929826 0.0312714710631 0.000969720011515
49.8721982172 0.0312711100545 0.000958519897147
50.0293260336 0.0312852748666 0.000974795059101
50.1863155622 0.0312973188187 0.000993353185418
50.3431804655 0.0312997318222 0.000996857918708
50.5002770096 0.031319514133 0.000985865136879
50.6576013208 0.0313291950943 0.000989258174195
50.8146839569 0.0313697661161 0.000979474646442
50.9715250942 0.0313804783193 0.000983023109563
51.1286224878 0.0314054318737 0.000981331985361
51.2859209065 0.0314607530801 0.000999036820044
51.4430955509 0.0315121476139 0.000998652570809
51.6001115851 0.0315622718826 0.00100306828025
51.7573196053 0.0316185869989 0.00099657571219
51.9146179631 0.031638582544 0.000983378241441
52.0713560767 0.0317438138332 0.000981355205628
52.2280647845 0.0317875448951 0.000979127204626
52.3854325445 0.0318744723828 0.000981629398179
52.542576116 0.0319679984203 0.000986627974268
52.6993183342 0.0320405622127 0.000977054904735
52.8563949189 0.0321449064868 0.000981239013946
53.0134472462 0.0321901327798 0.00100457395475
53.1705187698 0.0323580895002 0.00101453822495
53.327667551 0.0323974980723 0.00101055221515
53.4850029808 0.0325320814658 0.00101614718695
53.6422349646 0.0326470778237 0.00102545588772
53.7989474206 0.0327526627614 0.001033562631
53.9560083367 0.0329096304792 0.00102801178587
54.113262023 0.0329739155599 0.00103807314527
54.2704292072 0.0331176169854 0.00104577074953
54.4274782483 0.03323104271 0.00105012951503
54.5844185067 0.0332923819834 0.00108902448951
54.7413631615 0.0334783849696 0.00109129201383
54.8984535459 0.0334600197128 0.00108192598796
55.0554307167 0.0337803239958 0.00107541199009
55.2124625212 0.0337091107731 0.00108385721351
55.3698431162 0.0338862310226 0.00108589857338
55.5268954586 0.033952228423 0.00109774217022
55.6834530498 0.0339670036206 0.00112371679354
55.8406980659 0.03407269513 0.00109982763046
55.9982197426 0.03401750085 0.00112073648758
56.1550210557 0.0341615125321 0.00112942224715
56.3120268051 0.034011201128 0.00110568275913
56.4689983253 0.033956309332 0.00113849997218
56.6259441669 0.0338963839856 0.00113982854465
56.7825977861 0.0337596361171 0.00112990840757
56.9397432055 0.0335505582114 0.00111043606272
57.0974576356 0.0334503509644 0.00113564119931
57.2542503063 0.0333989494369 0.00117336083518
57.4113393505 0.0334018941493 0.00113570508005
57.568843213 0.0332962903838 0.00111749549373
57.7258314964 0.0333382107537 0.00115630711097
57.8826685123 0.033349866257 0.00111995777241
58.0396225764 0.0333123894335 0.00115274711229
58.19689622 0.0333642565561 0.00115831806687
58.3538859499 0.0333894469843 0.00118205022634
58.5104842178 0.0334958624747 0.00116354774084
58.6676775171 0.0334773889269 0.00115725501385
58.82508229 0.0335162904171 0.00117068115786
58.9822473612 0.0336220595087 0.00121081083879
59.1388469248 0.0337646392218 0.0011973090904
59.2956446428 0.0337245816959 0.00123466879584
59.45352258 0.0338805669341 0.00127346786927
59.6107023147 0.0340444314505 0.00125021304394
59.7673145608 0.034164936017 0.00125754068476
59.9247034596 0.0342910316185 0.0012327985509
60.0825887107 0.0344169642703 0.00129252967562
60.2393268414 0.0345852927119 0.00130920648123
60.3957700346 0.034726206711 0.00139166921524
60.5535964191 0.0348211902804 0.00131123792028
60.7107514388 0.0350732997703 0.00135544956588
60.8669442195 0.0352387464251 0.0013604504868
61.0242553144 0.0353623713786 0.0014019108654
61.1824745317 0.0355703587729 0.00141880679726
61.3392279614 0.0358431472089 0.00145401614603
61.4950009536 0.0360958570016 0.0014696388455
61.6527308726 0.0362550368238 0.00148993272473
61.8103576822 0.0365334388112 0.00150679001105
61.9665887922 0.0368587085029 0.00149955381555
62.123357907 0.0371106311466 0.00151973398217
62.2810707778 0.0373383278602 0.00155292150356
62.4388844065 0.0376611089743 0.00151288264513
62.5950947552 0.0380632519237 0.00165463229068
62.751261334 0.0383089469462 0.00157536044219
62.9097038339 0.0386412588595 0.00154333837839
63.0674237322 0.0390062070771 0.00159874374212
63.2228029494 0.0395527913807 0.00166280442092
63.3798737744 0.039768675723 0.00158191654934
63.5388253773 0.0402100345553 0.00163690811133
63.695839971 0.0407085269256 0.0017271389807
63.8506931558 0.0412484682808 0.00168211513383
64.0083929989 0.0415220675077 0.00176899593734
64.1680954367 0.0421034971794 0.00180536245856
64.3236878351 0.0427185413165 0.00182693229708
64.4778131327 0.0432181050805 0.0017907980844
64.636887403 0.0437472317885 0.00189659611214
64.7962548762 0.0444339084121 0.00209363440091
64.951483037 0.0450103745604 0.00207870027665
65.1074289973 0.0454998874945 0.00211680425209
65.2668624378 0.0461871237398 0.00222459415256
65.4233208546 0.0469662190274 0.00217663064095
65.5752136255 0.047612404445 0.00222444483846
65.7349382737 0.0483402213641 0.002390728376
65.8977643927 0.0492910315857 0.00241993754796
66.0507446561 0.0501644216834 0.00250452521111
66.2009878048 0.050783145084 0.00269638110597
66.3635240574 0.0517715853896 0.00287891757682
66.5295070644 0.0526503786745 0.00293369589232
66.6798786865 0.0536662646459 0.0027468462857
66.8272725251 0.0545208285027 0.00273401168682
66.9932941111 0.0556548071263 0.00297933260767
67.1616732756 0.0568504957982 0.00316512855211
67.3049589117 0.0577021121653 0.00284068657147
67.4491169303 0.0587122422677 0.003289628161
67.6222984842 0.0600628720741 0.00306023336485
67.7955065787 0.0619339607435 0.00378196635616
67.9274475847 0.0627680447393 0.0038612376566
68.069661165 0.0643075143466 0.00367601404303
68.2486961717 0.0654113976561 0.0032529762911
68.4266321951 0.0673705786511 0.00522316229343
68.5622050977 0.0689274201445 0.00576681697502
68.6968329593 0.0706474899508 0.00526547422831
68.8760784586 0.0738416518532 0.00660891963349
69.0549836093 0.0756726268682 0.00724289029523
69.1973197047 0.0787876813402 0.0124044175706
69.3207995617 0.0784508410984 0.0114376249535
69.491395293 0.0848051680927 0.0214467952465
69.6498955866 0.0672071332466 0.0952350919303
