0.222491030617 115.041675314 0.628406098583
0.376978054127 41.1161539781 0.838212222511
0.536197546614 20.6300827263 0.477976703543
0.695915194122 12.5522460317 0.404840022468
0.858774946451 8.30476294345 0.34702967179
1.01197169036 6.07632725887 0.238685772819
1.16917917089 4.67289389938 0.207913138221
1.32705627544 3.66595260219 0.158610065947
1.48634061024 3.00143308512 0.103864137151
1.64405620365 2.50040898005 0.100831784628
1.79915822667 2.13075756803 0.0781742488422
1.95696522892 1.84193239293 0.0666972291947
2.11759973646 1.61486631006 0.047982461175
2.27421365513 1.41702604838 0.0448121652743
2.43019744421 1.27597708127 0.0464163283511
2.5869075974 1.1433272752 0.0440288761525
2.74394111064 1.04753305934 0.034487391995
2.90135771195 0.959564621743 0.034451196142
3.05917416634 0.888201850423 0.029340068799
3.21704315773 0.817346415977 0.0316304408064
3.37375200416 0.761163691488 0.0285993924604
3.52987389711 0.711570148479 0.0300064896127
3.68783393937 0.666483143441 0.0264541507777
3.84466268563 0.625801279953 0.0239607180164
4.00164386013 0.589341907297 0.0244841303511
4.15997792172 0.561121133199 0.0235417167766
4.31798911444 0.530927245348 0.0211129885579
4.47441303344 0.505053795098 0.0204711476924
4.63088422662 0.482262369296 0.0198449741443
4.78701696835 0.459259093507 0.0189022109091
4.94472467163 0.441072699138 0.0187645768102
5.10234433862 0.423024964268 0.0175983472906
5.25984825652 0.404574313423 0.0167832647623
5.41727427456 0.389666070221 0.015529159792
5.57425070304 0.374239269953 0.0152156538678
5.73155006772 0.359639552796 0.0139414917691
5.88785377092 0.346116849492 0.0145678311144
6.04477645954 0.333946127775 0.0131900276769
6.2021413486 0.322714420447 0.0130949478751
6.35873064218 0.312435594617 0.0125436220997
6.51583562971 0.302226884302 0.0122351810899
6.67314342724 0.293804961161 0.0124388072664
6.83105835785 0.284459558899 0.0113169663294
6.98882420021 0.275741850227 0.0108992843337
7.14591573079 0.267596548799 0.0106828151527
7.30219067849 0.260186899462 0.00999382412424
7.4586246111 0.252792513385 0.00964209482661
7.61595659852 0.245895592389 0.00909435271761
7.77319781751 0.239423773277 0.00934133824211
7.93042042905 0.232601231669 0.00851713389087
8.08796891986 0.226527870441 0.00829658416991
8.24542054388 0.221011793977 0.00817551709169
8.40294107364 0.215499103577 0.00775123534409
8.55925093927 0.210052043485 0.00767617619487
8.71619548167 0.204672893324 0.00715488507608
8.87352903603 0.19944879533 0.00686301419941
9.02979233855 0.194827721218 0.00719824633396
9.18691772391 0.19037156191 0.00636429323002
9.34411948819 0.185936363283 0.00622604814662
9.50163507869 0.181391783221 0.00571896913919
9.65884965315 0.177555915273 0.00543130686719
9.81535045341 0.173967345045 0.00569636497151
9.9731612508 0.170045493898 0.00547379771675
10.1301831114 0.166346062572 0.00520041553043
10.2872911939 0.162851434346 0.00490136707617
10.4445356803 0.159729972956 0.00509305495334
10.6010016218 0.156262095941 0.00462450535771
10.7585642257 0.153039704315 0.00460451524821
10.9158964006 0.149988650666 0.00424347223277
11.0724904581 0.146969910406 0.0042244076184
11.2290860463 0.144119639032 0.00382398439535
11.3860353656 0.141167727744 0.0041827414813
11.5440861758 0.138179958078 0.00364197077502
11.7016106051 0.135729207852 0.00341676312934
11.8587131069 0.132973629962 0.00329672367594
12.015890342 0.130433414624 0.0031331397231
12.172548146 0.12776581867 0.00317385088879
12.329242749 0.125600329959 0.00283986869053
12.4862668679 0.123304725303 0.00288020592965
12.6428976283 0.121044797896 0.00296003144561
12.7998099907 0.118832248779 0.00265360356102
12.9578152444 0.116584371056 0.00250871801225
13.1152240951 0.114374944595 0.00262551167651
13.2718932712 0.112407925991 0.00241541725186
13.4289338199 0.11051906835 0.0023991088423
13.5864489095 0.108509894424 0.00219215798333
13.743576631 0.106685525797 0.00221581948786
13.8998435688 0.104817305704 0.00228221292886
14.0571366915 0.103043158743 0.00200839950772
14.2150288431 0.101314050413 0.00203238188319
14.3720114736 0.0996653441229 0.00190290764621
14.5288755259 0.0978913948563 0.00193334210937
14.6859862417 0.0962788071391 0.00189748311921
14.8429405507 0.0948346284143 0.00179699707858
14.999929887 0.0932581014867 0.00172358507436
15.1566977878 0.0915977597797 0.00164736495871
15.3136739411 0.0902373991236 0.00166718380663
15.4711943326 0.0885734907747 0.00165167719549
15.6282764186 0.0872244034059 0.00156385830755
15.785068626 0.0858398991909 0.00160818248827
15.9425089068 0.0844969118714 0.00157367954202
16.0996444583 0.0833218497328 0.00141920498724
16.2567135429 0.081858476462 0.00138747212982
16.4139652942 0.0805985376713 0.00144112973164
16.5709232059 0.0793152960259 0.00129294226296
16.7279636124 0.0782085381227 0.00134654383796
16.8851754964 0.077061371902 0.00134542378835
17.0420887865 0.0758586123402 0.00124197027467
17.1989813347 0.0747262828218 0.00118023694164
17.3558607926 0.0736647652998 0.00117210669113
17.5129385061 0.0726064727778 0.00112269255483
17.6703123915 0.0715284106177 0.00109459002046
17.8275475242 0.070488872491 0.00108170561104
17.9847956279 0.0694890731781 0.00104872873093
18.142084519 0.0685183394057 0.00105720704991
18.2991317068 0.0674558300024 0.000964040609196
18.4562699762 0.0665893182559 0.000972747426623
18.6131646053 0.0655272950987 0.000945005922891
18.7696777549 0.0646852092778 0.000937914982854
18.9268961633 0.0637100133418 0.0009285788251
19.084103084 0.0628988413937 0.000902943021621
19.2411573997 0.0620674097691 0.000910766478541
19.3984871629 0.0611327377656 0.000822603440197
19.555822855 0.0603372172197 0.000779170651644
19.7132873413 0.0594799731838 0.000802755151103
19.8697414174 0.0586864515351 0.000800923553282
20.0262277415 0.0579139831659 0.000805785185516
20.1834101543 0.0571977840426 0.000775126812901
20.3405737209 0.0564201862776 0.00077394093122
20.4978824974 0.0556241167821 0.000760710885747
20.654881591 0.0549069834426 0.000739973267823
20.8122426752 0.0542185626319 0.000691844317281
20.969898273 0.05349464973 0.000694136698227
21.1265865993 0.0528664076321 0.000699652289076
21.2832071689 0.0521742939536 0.000713025347659
21.4404956598 0.0515041370288 0.000685926695264
21.5976461927 0.0508311843533 0.000707150232566
21.7545968637 0.05017210454 0.000661228238471
21.9116027402 0.0495991134696 0.000641721191309
22.0687596835 0.048961123355 0.000626497312839
22.225831921 0.0483481302965 0.000631869929655
22.3827106178 0.0477392649172 0.000621064341719
22.5398913042 0.0471936998249 0.000598011496302
22.6970833202 0.0465967324901 0.000601143603815
22.8543602658 0.0460504802442 0.000572916009585
23.0115770443 0.0454541008457 0.000595048849021
23.1685860382 0.0449526904964 0.000511351599846
23.3258104934 0.0443847429531 0.000553824775975
23.4831644639 0.0438806150444 0.000535098330784
23.639937026 0.0433388733944 0.000528095376536
23.7966500464 0.0428254504417 0.000507781035008
23.9535331388 0.042356116316 0.00049463191649
24.1108773628 0.0419075322229 0.000502236739762
24.2683890839 0.0413715137786 0.00050065919094
24.4252019211 0.040917340262 0.00045184201152
24.5820583134 0.040435651381 0.000479064634153
24.7389242299 0.0399751025872 0.000457846309461
24.8961407548 0.0395457663177 0.000441574870722
25.0534052686 0.0390956814937 0.000458160618958
25.2101206334 0.0386422638446 0.000440139466894
25.3673537459 0.0382330605395 0.000407759539612
25.5248138859 0.0378518585746 0.000432692743484
25.6818495109 0.0373999816433 0.000403248779587
25.8389795474 0.0369959292773 0.000426853546599
25.9961889348 0.0365758158835 0.000403873203519
26.1531743736 0.0362068306815 0.000414382023974
26.3100859203 0.0358110777698 0.000408213984055
26.4670176163 0.0354390610928 0.000401249213779
26.6241083266 0.0350508300426 0.000379592767791
26.781419436 0.0346850030899 0.000384005988058
26.93860122 0.0343175124999 0.000379254500206
27.0956205047 0.033987502279 0.000356088407838
27.2527005986 0.0336265596299 0.000347411298418
27.4097416489 0.0332906271017 0.00033618037106
27.5670283015 0.0329299035222 0.000339727094725
27.7240761899 0.0326236543978 0.000349989373798
27.8806357116 0.0322890119515 0.000356650131075
28.0375531904 0.0319808765581 0.000354956817104
28.1948143456 0.0316606461584 0.000356440450562
28.3522388167 0.0313643254365 0.000332191471641
28.5091012413 0.0310446560765 0.000345388953617
28.665979508 0.0307503834188 0.000328907208437
28.8235603248 0.0304734655522 0.00033473169312
28.9807226688 0.0301651261258 0.000330289061339
29.1377180472 0.0298814570894 0.000315150304077
29.2948269064 0.0296152555985 0.000311050572502
29.4521859092 0.0293429106838 0.000307457637683
29.6091913563 0.0290817002181 0.000297176638126
29.7658660575 0.0288067074523 0.000297997018353
29.9228052209 0.0285504612548 0.000290000256948
30.0800394339 0.0283047057966 0.000293877726781
30.237171111 0.0280458070195 0.000303746577269
30.3940975519 0.0277948207485 0.000291566511142
30.5512438793 0.0275589191122 0.000281570851066
30.7085154155 0.0273112689398 0.00028804828405
30.8658246644 0.0270797141756 0.00027178680882
31.0225561794 0.0268592550121 0.000265204569124
31.1793709786 0.0266241521353 0.000268101517737
31.3366364983 0.0264207415987 0.000254774317136
31.4937487973 0.0261867798008 0.000252818271667
31.6508035782 0.0259844616399 0.000228891903791
31.8079072118 0.0257623222858 0.000246736416565
31.9651038765 0.0255672764361 0.000249275440185
32.1221647233 0.025359408056 0.000240052913655
32.2793855017 0.0251788483291 0.000235949238928
32.4366431593 0.0249876528313 0.000241651496226
32.5935456753 0.0247981336354 0.000237767461414
32.7504330731 0.0246187020266 0.000243488083905
32.9075361916 0.0244198958203 0.000230716252994
33.0646690091 0.024266984953 0.00023330938038
33.2216373113 0.0240811525006 0.000228988341616
33.3786201239 0.0239136178332 0.000233992735719
33.5360129068 0.0237529305807 0.00023933155759
33.6932717104 0.0235857867866 0.000233267379624
33.8500397499 0.023435652073 0.000233216632504
34.0070652324 0.0232821366483 0.000227868657443
34.1641421614 0.0231243935762 0.000223355310831
34.3212874621 0.0229783416129 0.000223446308152
34.4783843232 0.0228329252431 0.000226271833491
34.6352391787 0.0227022578812 0.000221816051438
34.7924660305 0.0225684980589 0.000210046933722
34.949611286 0.0224331762 0.000215569752339
35.1066970852 0.0223085755674 0.00022364787036
35.2638694871 0.022186929534 0.000224179129174
35.4209458387 0.0220697319057 0.000222443227767
35.5779544297 0.0219500939869 0.000215349353552
35.7349450291 0.0218462361244 0.000220960107415
35.8921730456 0.0217406858508 0.000213873060344
36.0494280442 0.0216402642361 0.000216997707103
36.2063416963 0.0215393361845 0.000213890578705
36.3633087243 0.021424679785 0.000215198734431
36.5204829788 0.0213413215928 0.000206461566329
36.6777591101 0.0212567150258 0.000216978246695
36.8348227237 0.0211792051767 0.000208365801701
36.9917491311 0.02109760372 0.000213829266798
37.1489036151 0.0210295258438 0.000199542048549
37.3058402691 0.0209569931503 0.000201951597236
37.4625617595 0.0209040240942 0.000204170208674
37.6196438013 0.0208270737298 0.000203472085755
37.7768997974 0.0207764824828 0.000204828623257
37.9340408746 0.020733064495 0.00020700223887
38.0912142742 0.0206788693167 0.000214272502305
38.2484508929 0.020644780305 0.000198800670865
38.4057544228 0.0205955916557 0.000197975815259
38.5627679695 0.0205697272835 0.000211420325961
38.7195990771 0.0205357739433 0.0001984208527
38.8768267445 0.0205184109965 0.000206802860552
39.0339331232 0.0205006126756 0.000203400091614
39.1907280263 0.0204829830371 0.000211149985913
39.3478424351 0.0204840626719 0.000210527905304
39.5050886308 0.0204782851504 0.000208152296203
39.6621348359 0.0204948798807 0.000219535432455
39.8190003566 0.0205029643338 0.000214321225533
39.9761609099 0.0205122238327 0.00020503574349
40.1335534159 0.0205479224957 0.000201181112289
40.2904942091 0.0205003258538 0.000211285393081
40.4474292088 0.0203871683654 0.000202773239735
40.6045677135 0.0202577317312 0.000210473445354
40.7616019986 0.0201507794698 0.000213095227904
40.9187061708 0.0200402701934 0.000205561062965
41.0757534567 0.0199258049572 0.000200506076556
41.2327020158 0.019817993579 0.000200465392467
41.3898062159 0.0196851026008 0.000205202727769
41.5469568996 0.0196090372901 0.000194875590061
41.7042059984 0.0195041852169 0.000194488025625
41.8612390276 0.0194012492224 0.000189428088713
42.0180346408 0.01930217943 0.000195911834845
42.175303856 0.0192103983679 0.000195598936053
42.33268702 0.019125491653 0.000189774122725
42.4895160759 0.0190203234096 0.000193204434632
42.6465448361 0.0189342196954 0.000192425091129
42.8037931047 0.0188504917885 0.000189648099803
42.9608846543 0.0187558509827 0.000189829749468
43.1179611734 0.0186748887154 0.000194792434721
43.2748729609 0.0186006695712 0.000192339236269
43.432159008 0.0185151025271 0.000191287948824
43.5891575644 0.0184462969743 0.000199400255284
43.7459001944 0.0183591572241 0.000194563464019
43.9030819673 0.0182899717804 0.000185139280951
44.0602654014 0.0182174741475 0.00018969154454
44.217339474 0.0181510451378 0.000174676689588
44.3744187097 0.0180730690509 0.000181560557893
44.5315905402 0.0180074868184 0.000195505794722
44.6886436901 0.0179444938341 0.000189982459338
44.8456823075 0.0178798673031 0.000190986795115
45.0026930435 0.0178167638154 0.000174249172078
45.1597728477 0.0177552899922 0.000182645990401
45.3168628569 0.0177080101872 0.000177560277961
45.4738408809 0.0176600383066 0.00018575613012
45.6309625727 0.0176119266353 0.000179305265902
45.788092155 0.0175476341863 0.000177214310865
45.9452602245 0.0175068262463 0.000179380501786
46.102410653 0.0174523462499 0.000178669493498
46.2594230376 0.0174062279249 0.000176284366982
46.4165186485 0.0173663913845 0.000182252164135
46.5735899522 0.0173292499364 0.000176320016471
46.7305512293 0.0172801165062 0.000174713170457
46.8876953393 0.0172491654939 0.000179615147357
47.0448748766 0.0172071597281 0.000179098434962
47.2019453284 0.0171835319421 0.000180877060297
47.3588111254 0.0171398587392 0.000179198973504
47.5159492213 0.0171236236333 0.00018032560084
47.6732084307 0.0170824731086 0.000183829485168
47.8300553965 0.0170691233511 0.000181897114642
47.9870558614 0.0170510264627 0.000189725836985
48.1442526437 0.0170190005655 0.000187800469226
48.3016227588 0.017026062113 0.000189855476865
48.4585177878 0.0169904793313 0.000181527017975
48.6152071531 0.0169816995801 0.000186665870128
48.7724215351 0.0169693433891 0.000193133239611
48.9297029933 0.0169675909601 0.000188723096299
49.0868773018 0.0169550712677 0.000190271114937
49.2438832025 0.0169405849522 0.000194359616383
49.4010344374 0.0169444571451 0.000189741058182
49.5583150841 0.0169411106758 0.000199400127092
49.7152929826 0.0169523432797 0.000185153419702
49.8721982172 0.0169425621748 0.000189407547836
50.0293260336 0.016967679041 0.000198906691095
50.1863155622 0.0169714291133 0.000197811193664
50.3431804655 0.0169730576908 0.000205515702426
50.5002770096 0.0169975248893 0.000190188581636
50.6576013208 0.0170159320549 0.000189754614013
50.8146839569 0.0170315247076 0.000193828165655
50.9715250942 0.0170604218859 0.000191529589998
51.1286224878 0.0170707606477 0.000205723585219
51.2859209065 0.0171087120947 0.000195159400358
51.4430955509 0.0171292277386 0.000206126463388
51.6001115851 0.017166597144 0.000202329537161
51.7573196053 0.0172158539307 0.00019750674524
51.9146179631 0.0172382328479 0.000194529229153
52.0713560767 0.0172861993213 0.000207747761938
52.2280647845 0.0173185069361 0.000201469118069
52.3854325445 0.0173773540781 0.000208219069466
52.542576116 0.0174269527402 0.000202932493308
52.6993183342 0.0174801532255 0.000211924590085
52.8563949189 0.0175383468848 0.00020798132572
53.0134472462 0.017566192938 0.000203746419864
53.1705187698 0.017672096944 0.000213724501097
53.327667551 0.0176910647144 0.000215576988774
53.4850029808 0.0177629971239 0.00021909111395
53.6422349646 0.017832692981 0.000211252277145
53.7989474206 0.0178757463815 0.000197880685775
53.9560083367 0.017979147788 0.000208799660891
54.113262023 0.0179983663314 0.000233193473032
54.2704292072 0.0181199125925 0.000229126827319
54.4274782483 0.0181803374544 0.000229413356545
54.5844185067 0.0182070754419 0.000224719568091
54.7413631615 0.0183127079911 0.000236105639154
54.8984535459 0.0183306982187 0.000222693261769
55.0554307167 0.0184856825992 0.000233713678475
55.2124625212 0.0184397777721 0.000225038727145
55.3698431162 0.0185529548055 0.000235801969426
55.5268954586 0.0185813808338 0.0002408271131
55.6834530498 0.0185947870266 0.000243201008781
55.8406980659 0.0186764675971 0.000238947891216
55.9982197426 0.0186219937567 0.000240520935272
56.1550210557 0.0187072086138 0.000244448160767
56.3120268051 0.0186359092854 0.0002293827965
56.4689983253 0.0186053455419 0.000218603030273
56.6259441669 0.0185777615808 0.000213304036622
56.7825977861 0.0184950519431 0.000235091606084
56.9397432055 0.0183691027247 0.000228351415185
57.0974576356 0.0183080118837 0.000228464260694
57.2542503063 0.0182797813218 0.000233124653498
57.4113393505 0.0183003436971 0.000237594211468
57.568843213 0.0182500667872 0.000220692942846
57.7258314964 0.018250289457 0.000216175803173
57.8826685123 0.0182779637196 0.000224423180922
58.0396225764 0.0182567947727 0.000240646510244
58.19689622 0.0183112562562 0.000247133988452
58.3538859499 0.0183053770663 0.000234394161424
58.5104842178 0.0183428523033 0.000235028938683
58.6676775171 0.0183663984206 0.000223143822573
58.82508229 0.0183832371766 0.000222842918125
58.9822473612 0.0184559021946 0.000220677638765
59.1388469248 0.0185331706782 0.000221456899621
59.2956446428 0.0185465045004 0.000212659305791
59.45352258 0.0186337909202 0.000226881609867
59.6107023147 0.0187246971278 0.000237040806782
59.7673145608 0.0187894443285 0.000242580612078
59.9247034596 0.01883959145 0.000245536357919
60.0825887107 0.0189416557536 0.000224759711917
60.2393268414 0.0190174176971 0.000246508735965
60.3957700346 0.0191142780734 0.000252934028869
60.5535964191 0.019212179572 0.00024206114998
60.7107514388 0.0193111417675 0.000242167389559
60.8669442195 0.0194591027168 0.000251327923352
61.0242553144 0.019522343182 0.00023712188137
61.1824745317 0.0196404508962 0.000267483219221
61.3392279614 0.0197776885813 0.000262237378151
61.4950009536 0.0199499998211 0.000244688887927
61.6527308726 0.0200336153412 0.000276700840623
61.8103576822 0.0201460008089 0.00026881950628
61.9665887922 0.0203648839639 0.000271834330442
62.123357907 0.0205259334869 0.000305980938757
62.2810707778 0.0206324696713 0.000300485604784
62.4388844065 0.0208269106193 0.000320174145987
62.5950947552 0.0210761608426 0.000319844409351
62.751261334 0.0212277964753 0.00034782242207
62.9097038339 0.0214428857655 0.000313007796704
63.0674237322 0.0216213145011 0.00029700517938
63.2228029494 0.0218918080474 0.000277604519845
63.3798737744 0.022054938637 0.000345034976346
63.5388253773 0.0223632602855 0.000342934952735
63.695839971 0.0226602992598 0.000359531609524
63.8506931558 0.0228157598433 0.000379783230205
64.0083929989 0.0230820440054 0.000409637096928
64.1680954367 0.0233862699825 0.000417044570392
64.3236878351 0.0237103996093 0.000410895255448
64.4778131327 0.0240063797997 0.000399298578125
64.636887403 0.0242893254314 0.000414380856297
64.7962548762 0.0246792625561 0.00049766030573
64.951483037 0.0249758335374 0.000447678368853
65.1074289973 0.025272190382 0.000443038314736
65.2668624378 0.0256722774699 0.000513783320708
65.4233208546 0.0261604950148 0.000524298240146
65.5752136255 0.026585189961 0.000498934039811
65.7349382737 0.0269381629473 0.000512605127476
65.8977643927 0.0272917058259 0.000609195167718
66.0507446561 0.0278593488956 0.000602555484608
66.2009878048 0.0283731296066 0.000639747547038
66.3635240574 0.028827790597 0.000700177636798
66.5295070644 0.0293920430141 0.000716126462813
66.6798786865 0.0299582578476 0.000819727872598
66.8272725251 0.0304883606729 0.000938403810273
66.9932941111 0.0310391936508 0.000783794389835
67.1616732756 0.0317019089271 0.000823140365777
67.3049589117 0.0321532601866 0.000968128338977
67.4491169303 0.0328058659621 0.00101589964326
67.6222984842 0.0336549025 0.000983449429217
67.7955065787 0.0343927780721 0.000848143510606
67.9274475847 0.0349158081779 0.00111970312146
68.069661165 0.0361043981336 0.00100548909626
68.2486961717 0.0365678836241 0.00138630616681
68.4266321951 0.0374869651308 0.00167051192538
68.5622050977 0.0388256976883 0.0018063590791
68.6968329593 0.0396140232445 0.0013636058039
68.8760784586 0.0406737349574 0.00200226607024
69.0549836093 0.0413872264479 0.00232794824491
69.1973197047 0.0418804366832 0.00474525467817
69.3207995617 0.0421766939934 0.00580256955687
69.491395293 0.0426886578938 0.00965287894
69.6498955866 0.0572458406831 0.0376008235324
