0.222491030617 177.608999453 1.50842636838
0.376978054127 64.8910427677 1.99738189645
0.536197546614 33.3052189527 1.03600049091
0.695915194122 20.9396510374 0.850321579685
0.858774946451 14.180009114 0.684768519889
1.01197169036 10.6832458855 0.471305150847
1.16917917089 8.45813986539 0.44853644473
1.32705627544 6.7985968798 0.427244811063
1.48634061024 5.65899746733 0.277057551211
1.64405620365 4.84528820214 0.267169986073
1.79915822667 4.23704464253 0.234337164585
1.95696522892 3.73908434679 0.226432708822
2.11759973646 3.32480375877 0.178941180509
2.27421365513 2.99350413712 0.159959108856
2.43019744421 2.71969157041 0.160541432493
2.5869075974 2.50462011893 0.153688802534
2.74394111064 2.30667019095 0.143853337799
2.90135771195 2.13619752545 0.132149941111
3.05917416634 2.0004542178 0.119311780517
3.21704315773 1.86399033732 0.1100612575
3.37375200416 1.75282033916 0.109996219415
3.52987389711 1.65260163759 0.110149869562
3.68783393937 1.56090415069 0.0963457862086
3.84466268563 1.48057389331 0.0894186848385
4.00164386013 1.40428046474 0.0862566167734
4.15997792172 1.34044814602 0.0873284362778
4.31798911444 1.27833598437 0.0799489478766
4.47441303344 1.22261952835 0.0724612790827
4.63088422662 1.16907063204 0.0708832536874
4.78701696835 1.12022731398 0.0654281683002
4.94472467163 1.07764074878 0.0617746428366
5.10234433862 1.03604854179 0.0616729346171
5.25984825652 0.994466357821 0.0509767728834
5.41727427456 0.9586125853 0.0515412365332
5.57425070304 0.924723124271 0.0487367025922
5.73155006772 0.893828227745 0.044557837962
5.88785377092 0.860992069357 0.0416895475137
6.04477645954 0.830240976849 0.0390813329493
6.2021413486 0.805051498335 0.0384618318882
6.35873064218 0.777771290004 0.0380854226144
6.51583562971 0.751238276017 0.0345979983975
6.67314342724 0.726608255686 0.0351442461233
6.83105835785 0.705217432917 0.0313856875405
6.98882420021 0.683296197097 0.0318947782359
7.14591573079 0.661417730373 0.028256749342
7.30219067849 0.644093310546 0.0275569162148
7.4586246111 0.6237077243 0.0252959743916
7.61595659852 0.605582495385 0.0227404527502
7.77319781751 0.587656158135 0.0221799240954
7.93042042905 0.571805883208 0.0203726012451
8.08796891986 0.556471937495 0.0193498284342
8.24542054388 0.539522142117 0.0197671995183
8.40294107364 0.525743262503 0.0177945174092
8.55925093927 0.511516911626 0.0172084970717
8.71619548167 0.497870562871 0.0161042187973
8.87352903603 0.484336942488 0.0147438717693
9.02979233855 0.47225591225 0.0146782223568
9.18691772391 0.46000301982 0.0138950222176
9.34411948819 0.44774146447 0.0135644740874
9.50163507869 0.436002581967 0.0128857569328
9.65884965315 0.425912423955 0.0120434810281
9.81535045341 0.41477297953 0.0123021782661
9.9731612508 0.40427100618 0.0117391928054
10.1301831114 0.394952960218 0.0109311202763
10.2872911939 0.386327194309 0.0105510597042
10.4445356803 0.376942966192 0.00959160405995
10.6010016218 0.368009028734 0.00969771377726
10.7585642257 0.35931109482 0.00944750007344
10.9158964006 0.351392184266 0.00888734238111
11.0724904581 0.343399050311 0.00845288418324
11.2290860463 0.335687615663 0.00831496368029
11.3860353656 0.327655177645 0.008304156548
11.5440861758 0.320753328726 0.00789323316843
11.7016106051 0.313245613648 0.00769491875748
11.8587131069 0.306945981552 0.00765606532163
12.015890342 0.30018795984 0.00748566383383
12.172548146 0.293559134278 0.00690889017622
12.329242749 0.287329794844 0.00657743196072
12.4862668679 0.280887814456 0.0062698478208
12.6428976283 0.27527434546 0.00673173742326
12.7998099907 0.269721453608 0.00595034213679
12.9578152444 0.263619769889 0.00584532799377
13.1152240951 0.258275092688 0.00559128479385
13.2718932712 0.253205973427 0.00515265978053
13.4289338199 0.247836914976 0.00511333072182
13.5864489095 0.242524733429 0.00498571098225
13.743576631 0.237889112237 0.00459481173508
13.8998435688 0.233095895795 0.00448337714835
14.0571366915 0.228720474176 0.00402804349879
14.2150288431 0.224038401957 0.00412986713942
14.3720114736 0.219797946409 0.00404718762103
14.5288755259 0.215602122534 0.00372962219247
14.6859862417 0.211558960274 0.0037972511589
14.8429405507 0.207490051509 0.00384642200684
14.999929887 0.203404553379 0.00376567644258
15.1566977878 0.199982041543 0.00357902251634
15.3136739411 0.196404728157 0.00343142945935
15.4711943326 0.19268595648 0.00352648191249
15.6282764186 0.189386433794 0.00326882877513
15.785068626 0.185755438091 0.00341149993689
15.9425089068 0.182775825698 0.00321753095788
16.0996444583 0.179317766768 0.00335068166582
16.2567135429 0.176230276435 0.00313095402949
16.4139652942 0.172974696088 0.00322889368172
16.5709232059 0.170099121613 0.00325020180601
16.7279636124 0.167084202167 0.00306239655808
16.8851754964 0.164391921578 0.0029786129744
17.0420887865 0.161570398288 0.00287142768493
17.1989813347 0.158785884221 0.00274417029168
17.3558607926 0.15622701577 0.00266879563669
17.5129385061 0.153655983148 0.00273985013199
17.6703123915 0.150968708315 0.00252835521754
17.8275475242 0.148430475131 0.00254268593895
17.9847956279 0.146043920335 0.00246234716377
18.142084519 0.143526952504 0.00237930623258
18.2991317068 0.141301059522 0.00226000906254
18.4562699762 0.138996812529 0.00225145680049
18.6131646053 0.136887156321 0.002249059817
18.7696777549 0.134749698995 0.00214244139642
18.9268961633 0.132667962707 0.0020360080455
19.084103084 0.13051438188 0.00195107240414
19.2411573997 0.12854299395 0.00187437640712
19.3984871629 0.126571131386 0.00184427139409
19.555822855 0.124735200721 0.0018834938081
19.7132873413 0.122777938513 0.00175579140306
19.8697414174 0.120945339341 0.00177584898358
20.0262277415 0.119041700252 0.00180829730928
20.1834101543 0.117428126388 0.00164444027466
20.3405737209 0.115673021375 0.0017115828987
20.4978824974 0.113995579166 0.00168901559198
20.654881591 0.11228883451 0.00161439820281
20.8122426752 0.110659155827 0.00160847672984
20.969898273 0.109100895095 0.00162371891536
21.1265865993 0.107540991953 0.00158782259513
21.2832071689 0.106100753171 0.00153867885836
21.4404956598 0.104579356994 0.00149207421782
21.5976461927 0.10308972286 0.00145358430275
21.7545968637 0.101664680019 0.00143665950665
21.9116027402 0.100255685916 0.00125717273005
22.0687596835 0.0989146384314 0.00133140346896
22.225831921 0.0975569366765 0.00132477988831
22.3827106178 0.0962496907985 0.00130096995749
22.5398913042 0.0949719654838 0.00124775184931
22.6970833202 0.0937148113767 0.00124453673924
22.8543602658 0.0925272503545 0.00121609435799
23.0115770443 0.0913275964302 0.00116731412678
23.1685860382 0.0900991215788 0.00114325227257
23.3258104934 0.0888983283831 0.00124952959025
23.4831644639 0.08778116392 0.00119096712599
23.639937026 0.0866664498532 0.00117720012013
23.7966500464 0.085510185039 0.00117899151966
23.9535331388 0.0844869558593 0.00111717086799
24.1108773628 0.0834374394591 0.00111487196809
24.2683890839 0.0823893914287 0.000989286415125
24.4252019211 0.0813096234207 0.000983532890643
24.5820583134 0.0802655437239 0.00100759112626
24.7389242299 0.0793513661467 0.000997329739994
24.8961407548 0.0783273449622 0.000928709246115
25.0534052686 0.0774511620333 0.000865250127844
25.2101206334 0.0765442644877 0.000919361870499
25.3673537459 0.0755767048525 0.000884532040613
25.5248138859 0.0746806880318 0.000872334890807
25.6818495109 0.0737966830096 0.00089709453851
25.8389795474 0.0729556724023 0.000845594778245
25.9961889348 0.0720286463075 0.00086318099872
26.1531743736 0.0712152586539 0.000866222602285
26.3100859203 0.0703935375676 0.000773579251548
26.4670176163 0.0695802647496 0.000796668923002
26.6241083266 0.0688229716496 0.000792273621516
26.781419436 0.0680491770625 0.000756004987665
26.93860122 0.0673154663805 0.000767010921407
27.0956205047 0.0665793613442 0.000742513039108
27.2527005986 0.0658045917697 0.000767020908015
27.4097416489 0.06509539898 0.000732457131564
27.5670283015 0.0644175666243 0.000722143680293
27.7240761899 0.0637278813231 0.000725539868639
27.8806357116 0.0630388741931 0.000702429918798
28.0375531904 0.0623705007127 0.000720342865259
28.1948143456 0.061710587718 0.000689193748564
28.3522388167 0.0611162802643 0.000663663386616
28.5091012413 0.060441225567 0.000654428765925
28.665979508 0.0598321383304 0.000646372622148
28.8235603248 0.0592325652398 0.000648883221138
28.9807226688 0.0585917441284 0.000683971204015
29.1377180472 0.0580009871756 0.000627700248704
29.2948269064 0.0574390065695 0.000654056892005
29.4521859092 0.056857074427 0.000626597622016
29.6091913563 0.0563087436133 0.000573921591749
29.7658660575 0.0557357177657 0.000576157813679
29.9228052209 0.0551862252935 0.000574214006617
30.0800394339 0.0546545717711 0.000536369223647
30.237171111 0.0541620960578 0.000530043469323
30.3940975519 0.0536800054605 0.000541830515318
30.5512438793 0.0531730016291 0.000552866469811
30.7085154155 0.0526953207302 0.000544985176288
30.8658246644 0.0521788939978 0.000543587526357
31.0225561794 0.0517123399981 0.000535311313564
31.1793709786 0.051237083408 0.000502644191059
31.3366364983 0.0508414319305 0.000517314469233
31.4937487973 0.0503510830311 0.000528028594258
31.6508035782 0.0499398456391 0.000517253336825
31.8079072118 0.0495017942171 0.000473495361991
31.9651038765 0.0490711684038 0.000479035959817
32.1221647233 0.0486724476536 0.000514707310327
32.2793855017 0.0482436116387 0.000500890426234
32.4366431593 0.0478567524245 0.000468957000472
32.5935456753 0.0474863463658 0.000487345195041
32.7504330731 0.0470960766197 0.000476210435028
32.9075361916 0.0467401384713 0.000480702393563
33.0646690091 0.0463551582969 0.000454714990288
33.2216373113 0.0459924915049 0.000486294718851
33.3786201239 0.0456506657152 0.000440784652721
33.5360129068 0.0452934247842 0.000460220970019
33.6932717104 0.0449538825558 0.000458010695289
33.8500397499 0.0446398490381 0.000456299056599
34.0070652324 0.0443213092637 0.000458277239139
34.1641421614 0.0440000041673 0.000470846954277
34.3212874621 0.0437267408626 0.000470239522674
34.4783843232 0.0434205801094 0.000480387541209
34.6352391787 0.0431419016755 0.000473558257046
34.7924660305 0.0428814725175 0.000475160229347
34.949611286 0.0425998666595 0.000463435203422
35.1066970852 0.0423280169765 0.000460856653027
35.2638694871 0.0420611678539 0.0004457571353
35.4209458387 0.0418272778463 0.000435181758709
35.5779544297 0.0415794336609 0.000444030613384
35.7349450291 0.0413605337887 0.000451917181562
35.8921730456 0.0411573374668 0.000428324611205
36.0494280442 0.0408995111343 0.000455454281454
36.2063416963 0.0407185669339 0.000457649837617
36.3633087243 0.0405156919595 0.000456254228474
36.5204829788 0.0402959042152 0.000459072158117
36.6777591101 0.0401321703658 0.000432042428921
36.8348227237 0.0399370102569 0.000437274810842
36.9917491311 0.0397928745348 0.00044732407318
37.1489036151 0.0396198185278 0.000465044219972
37.3058402691 0.0394764355394 0.000462605174269
37.4625617595 0.0393476859594 0.000446222755298
37.6196438013 0.0391895064418 0.000452814548533
37.7768997974 0.0390823915165 0.000452737861449
37.9340408746 0.0389729219542 0.000460930203087
38.0912142742 0.0388659253527 0.000462801427654
38.2484508929 0.0387639478364 0.000454018602309
38.4057544228 0.0386713132226 0.000439694358511
38.5627679695 0.0386149790817 0.000445469110093
38.7195990771 0.0385470457246 0.000462274972223
38.8768267445 0.0384932312857 0.000452149020194
39.0339331232 0.038448544948 0.000451985796015
39.1907280263 0.0383984123558 0.0004736664749
39.3478424351 0.0383833506673 0.000483686674502
39.5050886308 0.0383453090069 0.000477776603504
39.6621348359 0.0383664885811 0.000472187375479
39.8190003566 0.0383645477631 0.000490747491766
39.9761609099 0.0383799987534 0.000486343329293
40.1335534159 0.0384465866946 0.000507228143391
40.2904942091 0.0383301664636 0.000492616303184
40.4474292088 0.038120149761 0.000488623914176
40.6045677135 0.0378844579474 0.000503356583856
40.7616019986 0.037665066385 0.00049727314332
40.9187061708 0.0374844740071 0.000494377098054
41.0757534567 0.037274392976 0.000477882973722
41.2327020158 0.0370692456903 0.000470095692547
41.3898062159 0.03682174561 0.00045782183054
41.5469568996 0.0366529930886 0.000466920149881
41.7042059984 0.0364498180049 0.000452293064683
41.8612390276 0.0362543231134 0.000452350197112
42.0180346408 0.0360760549616 0.000440136129201
42.175303856 0.0358900944472 0.000441651354648
42.33268702 0.0357095431195 0.000426678506941
42.4895160759 0.0355250201401 0.000426867142115
42.6465448361 0.0353739028443 0.00040865152782
42.8037931047 0.0352199672227 0.00042889791272
42.9608846543 0.0350329843852 0.000432363902824
43.1179611734 0.034869897429 0.000429802658143
43.2748729609 0.0347308826254 0.000432312058054
43.432159008 0.0345643620009 0.0004546641781
43.5891575644 0.034430640021 0.00043714838098
43.7459001944 0.0342640137351 0.000442480677531
43.9030819673 0.0341115111491 0.000432853716286
44.0602654014 0.0339843582249 0.000431962088556
44.217339474 0.0338650521399 0.000426703731175
44.3744187097 0.0337161123081 0.000417153667723
44.5315905402 0.0335892726784 0.000416368112881
44.6886436901 0.0334802539065 0.00043651521462
44.8456823075 0.0333354170805 0.000418423514073
45.0026930435 0.033233619644 0.000413742636552
45.1597728477 0.0331099996575 0.000407007993594
45.3168628569 0.0329786101435 0.000409663718597
45.4738408809 0.0328669856312 0.000412451337503
45.6309625727 0.0327871406693 0.000413489516223
45.788092155 0.0326557695492 0.000410996322415
45.9452602245 0.0325710340158 0.000406797886266
46.102410653 0.0324723607644 0.000405924706614
46.2594230376 0.0324013239882 0.000423193649227
46.4165186485 0.0322703952629 0.00040861382215
46.5735899522 0.0322037029649 0.000415088268633
46.7305512293 0.0321170242188 0.000423844504869
46.8876953393 0.0320196491054 0.000430381758365
47.0448748766 0.0319545884437 0.000414782572824
47.2019453284 0.0318920910401 0.000419768010141
47.3588111254 0.0318187708642 0.000434302898464
47.5159492213 0.0317637304528 0.000418079570495
47.6732084307 0.0317072623306 0.000403269539641
47.8300553965 0.0316660681009 0.000432297135779
47.9870558614 0.0316244570273 0.000436942044141
48.1442526437 0.0315483197237 0.000427513838284
48.3016227588 0.0315499737266 0.000416854634919
48.4585177878 0.0314732356216 0.000425050243252
48.6152071531 0.0314610343408 0.000428142176316
48.7724215351 0.0314271258415 0.000416867375951
48.9297029933 0.0314027338954 0.0004177612674
49.0868773018 0.0313731754578 0.000446029763806
49.2438832025 0.0313410370082 0.000419904220909
49.4010344374 0.0313365575814 0.00042136614282
49.5583150841 0.0313381805618 0.000442939941955
49.7152929826 0.0313248872693 0.00043554152148
49.8721982172 0.031313171784 0.00043673839383
50.0293260336 0.0313367691059 0.000460846726711
50.1863155622 0.0313520211965 0.000455839853359
50.3431804655 0.0313389685416 0.000463611649528
50.5002770096 0.0313661152688 0.000456417495814
50.6576013208 0.0313875920345 0.000463343214618
50.8146839569 0.0314207290314 0.000487085169961
50.9715250942 0.0314616437108 0.000474492902265
51.1286224878 0.0314605350584 0.000486297151891
51.2859209065 0.0315150578922 0.000465088958501
51.4430955509 0.0315620429362 0.000488334848612
51.6001115851 0.0316246458202 0.00050990234348
51.7573196053 0.0316857429602 0.000515209089638
51.9146179631 0.0317283698937 0.000526370805941
52.0713560767 0.0318234195481 0.000517996251701
52.2280647845 0.0318599491211 0.000523345877723
52.3854325445 0.0319418164095 0.000515176868697
52.542576116 0.0320378403351 0.000511836202914
52.6993183342 0.0321052911002 0.00053610431665
52.8563949189 0.032215891776 0.00053122639057
53.0134472462 0.0322716744733 0.000530687711663
53.1705187698 0.0324207336391 0.000545261783837
53.327667551 0.0324778638768 0.000534865723086
53.4850029808 0.0325857762932 0.00055869167491
53.6422349646 0.0327048877025 0.000540929141116
53.7989474206 0.0327455463216 0.000554758675472
53.9560083367 0.0329447670558 0.000565228988324
54.113262023 0.0329854899655 0.000576907579409
54.2704292072 0.0331731721392 0.000560573762091
54.4274782483 0.0332959920944 0.000596200855554
54.5844185067 0.0333462783231 0.000608776091574
54.7413631615 0.0335687993481 0.000613308810726
54.8984535459 0.0335325948967 0.000594183106558
55.0554307167 0.0338230026971 0.000616007775511
55.2124625212 0.0337370445121 0.000615524721696
55.3698431162 0.0339147779951 0.000619464961877
55.5268954586 0.0339763688568 0.000613429089928
55.6834530498 0.0339983983787 0.000638249452051
55.8406980659 0.0341183750803 0.000640352432175
55.9982197426 0.0340572167955 0.000632805600274
56.1550210557 0.0342097873969 0.000624688172653
56.3120268051 0.0340470172897 0.000629969833593
56.4689983253 0.0340088946886 0.000661502639668
56.6259441669 0.0339710053309 0.000648842894109
56.7825977861 0.0337920672708 0.000604831325266
56.9397432055 0.0335975004342 0.000585819570377
57.0974576356 0.0334802460283 0.000627182701735
57.2542503063 0.0334248980678 0.000614080341885
57.4113393505 0.0334713024012 0.000637441507355
57.568843213 0.0333587798836 0.00063509909356
57.7258314964 0.033327524442 0.000676061232497
57.8826685123 0.0333993548167 0.000649946299685
58.0396225764 0.0333722118655 0.000661696956099
58.19689622 0.0334087736364 0.000658133055286
58.3538859499 0.0334161047587 0.000676970471268
58.5104842178 0.0334957717489 0.00065262538748
58.6676775171 0.0335682970352 0.00067779861779
58.82508229 0.0336204166236 0.000673358890935
58.9822473612 0.0337503258225 0.000717522952192
59.1388469248 0.0338533465526 0.000695256976992
59.2956446428 0.0338074238389 0.000706725128164
59.45352258 0.0339888747074 0.000657820497882
59.6107023147 0.0340896287009 0.000698070147901
59.7673145608 0.0342331269536 0.000714187320134
59.9247034596 0.0342815373731 0.000712427646735
60.0825887107 0.0344807462208 0.000769162735991
60.2393268414 0.0346499415891 0.000785020721918
60.3957700346 0.0347350302086 0.000782813027702
60.5535964191 0.0348891102742 0.000757470768652
60.7107514388 0.0351067534181 0.000779322503254
60.8669442195 0.0353044052073 0.000770557945763
61.0242553144 0.0354183310887 0.000776182372208
61.1824745317 0.0356429782341 0.000813945739411
61.3392279614 0.0358849726964 0.000854071693784
61.4950009536 0.0361439160782 0.000864335258493
61.6527308726 0.0363045538756 0.000835926946547
61.8103576822 0.0365286525616 0.000922871406228
61.9665887922 0.0369067933807 0.000862698434503
62.123357907 0.0371866548106 0.00087394265534
62.2810707778 0.0373887789777 0.000968289829726
62.4388844065 0.0377738783873 0.000953154378025
62.5950947552 0.0381312977092 0.000963334969138
62.751261334 0.0384111636626 0.000999881549107
62.9097038339 0.0387315988136 0.00107752795778
63.0674237322 0.0390646159911 0.00111984510636
63.2228029494 0.0396322467902 0.00106743168997
63.3798737744 0.0398188687476 0.00112877099514
63.5388253773 0.0402533363168 0.00106604568119
63.695839971 0.0408558384472 0.00125284356216
63.8506931558 0.0413019110721 0.00130279570231
64.0083929989 0.0416286373357 0.0012768970719
64.1680954367 0.0421423801075 0.00131746258352
64.3236878351 0.0428214362393 0.0013284142654
64.4778131327 0.0432427806011 0.00122898552386
64.636887403 0.0437166267963 0.00129662589373
64.7962548762 0.0443846036929 0.00134704839216
64.951483037 0.045039455143 0.00144428529587
65.1074289973 0.0453847415523 0.00132961899868
65.2668624378 0.0463313191786 0.00142481683459
65.4233208546 0.0469811208136 0.00146530910869
65.5752136255 0.0475586458324 0.00152570419467
65.7349382737 0.0483018167345 0.00154067281275
65.8977643927 0.0489948475732 0.00152967238894
66.0507446561 0.04987189214 0.00165640486519
66.2009878048 0.0507164744188 0.00154457106877
66.3635240574 0.0514300263432 0.00183027519538
66.5295070644 0.0523815436924 0.0016866690963
66.6798786865 0.0533176306134 0.00200645442742
66.8272725251 0.0546151749065 0.00196764124654
66.9932941111 0.0554134327088 0.00192195771626
67.1616732756 0.0566372340654 0.00201894313636
67.3049589117 0.0576547888059 0.00219095782581
67.4491169303 0.0592774594554 0.00222657639794
67.6222984842 0.0601433899819 0.00204784097654
67.7955065787 0.0613390154015 0.00192781864323
67.9274475847 0.0625107626575 0.00270729122327
68.069661165 0.0639987405783 0.00263866277367
68.2486961717 0.0655017428175 0.00328675555298
68.4266321951 0.0667069771894 0.00257200085691
68.5622050977 0.0684655791822 0.00393935861271
68.6968329593 0.0688756369955 0.00332128295476
68.8760784586 0.0705431793257 0.00425166414427
69.0549836093 0.0728288987495 0.00440718618402
69.1973197047 0.0737487356155 0.00871940945761
69.3207995617 0.0765979006057 0.0109582423875
69.491395293 0.0779955582107 0.0154262122698
69.6498955866 0.0600235701127 0.0666639291426
