0.222491030617 307.318921811 4.5322194038
0.376978054127 116.950772963 5.91589334953
0.536197546614 62.4222307804 2.86544344495
0.695915194122 41.295082852 2.09563675764
0.858774946451 29.0463082378 1.61010461576
1.01197169036 22.7706741829 1.21668991731
1.16917917089 18.6816701048 1.00107197807
1.32705627544 15.6600449606 1.15497391989
1.48634061024 13.3365351711 1.00152952679
1.64405620365 11.7084782846 0.836890586412
1.79915822667 10.5125801425 0.798347652245
1.95696522892 9.49834998118 0.759929148762
2.11759973646 8.64804017919 0.698702273766
2.27421365513 7.99929471348 0.652209837253
2.43019744421 7.33562985719 0.617107062074
2.5869075974 6.82254943646 0.550442656756
2.74394111064 6.37472557099 0.529086008291
2.90135771195 5.96775269256 0.477694073906
3.05917416634 5.61004252774 0.427918264108
3.21704315773 5.31237066265 0.422789277804
3.37375200416 5.01165416658 0.392284275085
3.52987389711 4.75583838607 0.380783023003
3.68783393937 4.5098349266 0.323702997263
3.84466268563 4.28047749822 0.314241806087
4.00164386013 4.06690443105 0.295933548196
4.15997792172 3.8590417014 0.271073924237
4.31798911444 3.68446597401 0.253877874001
4.47441303344 3.5198083773 0.236243037537
4.63088422662 3.36969451778 0.214504689612
4.78701696835 3.22031140028 0.21303046121
4.94472467163 3.08531874057 0.195187440826
5.10234433862 2.94461378098 0.181564945024
5.25984825652 2.82744951772 0.174685890816
5.41727427456 2.70291848682 0.167393897305
5.57425070304 2.60072631517 0.152105199427
5.73155006772 2.49499541967 0.142177770647
5.88785377092 2.39842292259 0.13349174632
6.04477645954 2.30340899142 0.128535318956
6.2021413486 2.21957367825 0.119564180791
6.35873064218 2.13900223555 0.124019669073
6.51583562971 2.05592833114 0.112029035193
6.67314342724 1.9802702405 0.108203019595
6.83105835785 1.90996038736 0.0996465244526
6.98882420021 1.84236665301 0.0974217901747
7.14591573079 1.7745607696 0.0959938169828
7.30219067849 1.71431140893 0.0882435099363
7.4586246111 1.65343806414 0.0832632297934
7.61595659852 1.60323457589 0.0778651595412
7.77319781751 1.547198523 0.0747607247507
7.93042042905 1.49463095948 0.0735679696664
8.08796891986 1.4469432638 0.0700676749367
8.24542054388 1.39870050504 0.0660590414179
8.40294107364 1.35244049519 0.066239273724
8.55925093927 1.31495028926 0.0635636329158
8.71619548167 1.26813014698 0.0620851932303
8.87352903603 1.22940897872 0.0589530728146
9.02979233855 1.19170725898 0.0542782154181
9.18691772391 1.15724842775 0.0501972277802
9.34411948819 1.12176437613 0.0481510957562
9.50163507869 1.08849427848 0.0474320169657
9.65884965315 1.05659329627 0.0447594970452
9.81535045341 1.02783395414 0.0426985219766
9.9731612508 0.997650751205 0.0410738407944
10.1301831114 0.968831826501 0.0413112816708
10.2872911939 0.941210676353 0.038948156672
10.4445356803 0.916210810434 0.0376695196084
10.6010016218 0.890046092095 0.0345304002152
10.7585642257 0.86567592861 0.0341625815449
10.9158964006 0.842911348375 0.034001971745
11.0724904581 0.820424956025 0.0315968419639
11.2290860463 0.797240719186 0.0298864046544
11.3860353656 0.775884207352 0.0286339851279
11.5440861758 0.756272820402 0.0273801605991
11.7016106051 0.7367214688 0.0260764111316
11.8587131069 0.718453050045 0.0253840044059
12.015890342 0.700446951953 0.0255347932893
12.172548146 0.683709158358 0.0256954979222
12.329242749 0.666622481336 0.0244825288986
12.4862668679 0.649986318001 0.0237991663153
12.6428976283 0.635207337105 0.0222458542033
12.7998099907 0.618831887551 0.0211531941546
12.9578152444 0.604939467366 0.0208679341297
13.1152240951 0.590377529121 0.0198577856217
13.2718932712 0.578218657922 0.0189718656363
13.4289338199 0.564876636411 0.0189826550642
13.5864489095 0.55189736509 0.0180809943044
13.743576631 0.539341416655 0.0174901012389
13.8998435688 0.527731796223 0.0179536974862
14.0571366915 0.515930182154 0.0167754154658
14.2150288431 0.504734190098 0.0164438589204
14.3720114736 0.493826954338 0.0153190906242
14.5288755259 0.484161663429 0.0149127136871
14.6859862417 0.473291897786 0.0146920245012
14.8429405507 0.463356691747 0.0142761381144
14.999929887 0.454400149765 0.0139045113891
15.1566977878 0.445235471668 0.0134543853447
15.3136739411 0.435944932632 0.0129371514594
15.4711943326 0.426901025936 0.012260204206
15.6282764186 0.418282923485 0.0122772703664
15.785068626 0.410195609012 0.0119264754305
15.9425089068 0.402103040202 0.0116699922786
16.0996444583 0.394251213271 0.0110748503241
16.2567135429 0.387120066475 0.0111224534745
16.4139652942 0.379523290216 0.0107894264694
16.5709232059 0.372282945081 0.0105329129384
16.7279636124 0.365253846499 0.0102288584311
16.8851754964 0.358611026837 0.00971173800269
17.0420887865 0.35187481123 0.00983987832549
17.1989813347 0.345333768674 0.00939108136922
17.3558607926 0.339171706175 0.00897805022578
17.5129385061 0.332964016561 0.00859415428166
17.6703123915 0.327043215093 0.00851949732615
17.8275475242 0.32137437702 0.0081501446305
17.9847956279 0.315547652365 0.00776944052999
18.142084519 0.310372023945 0.00779630537078
18.2991317068 0.304773257665 0.00772130390444
18.4562699762 0.299795762901 0.00732892833969
18.6131646053 0.29457520552 0.0069176022796
18.7696777549 0.289456559612 0.00719593543362
18.9268961633 0.284527361109 0.00707202143252
19.084103084 0.280049136293 0.00704438388778
19.2411573997 0.275360177253 0.00668125164564
19.3984871629 0.27100288723 0.00658885348207
19.555822855 0.266370339682 0.00621505418379
19.7132873413 0.262231372655 0.00601600684546
19.8697414174 0.257897263682 0.0059808292756
20.0262277415 0.253866560918 0.00588432811531
20.1834101543 0.250263017011 0.0055852391245
20.3405737209 0.245947267495 0.00549847016795
20.4978824974 0.242382858291 0.00538616205637
20.654881591 0.238657546173 0.00522763040981
20.8122426752 0.235159827611 0.00528033536898
20.969898273 0.231495130246 0.00490187063669
21.1265865993 0.227929230136 0.00496671637202
21.2832071689 0.224651456717 0.00486830533198
21.4404956598 0.221323410586 0.00469940975745
21.5976461927 0.218062388999 0.00449605985883
21.7545968637 0.214951279304 0.00449258665099
21.9116027402 0.211768802383 0.0041832698688
22.0687596835 0.208666993356 0.00423041988396
22.225831921 0.205593807961 0.00405508491939
22.3827106178 0.2027263794 0.00401738033288
22.5398913042 0.199971646575 0.00390803091812
22.6970833202 0.197182534075 0.00381905230233
22.8543602658 0.194422465334 0.00366566954319
23.0115770443 0.191797969865 0.00367275796393
23.1685860382 0.189079332667 0.00360985080476
23.3258104934 0.186547803391 0.00361030803551
23.4831644639 0.183963258896 0.00345388709104
23.639937026 0.181464049396 0.00350315421195
23.7966500464 0.179069999529 0.0033299419098
23.9535331388 0.176592629251 0.0032159914047
24.1108773628 0.174457789601 0.00308281181721
24.2683890839 0.172132639689 0.00299714255039
24.4252019211 0.169876073089 0.00296339308668
24.5820583134 0.167792478454 0.0029371942007
24.7389242299 0.165519075744 0.00292208669809
24.8961407548 0.163484433497 0.00298992947504
25.0534052686 0.161251161409 0.00280086857343
25.2101206334 0.159228775988 0.00284478078115
25.3673537459 0.157247277438 0.00278357399711
25.5248138859 0.155331828041 0.00274258185942
25.6818495109 0.153387001881 0.00266298150116
25.8389795474 0.151588453826 0.00258921352247
25.9961889348 0.149689173973 0.00263030273935
26.1531743736 0.147833467213 0.00246257883541
26.3100859203 0.146127968145 0.00252006012743
26.4670176163 0.144409014756 0.0024993679432
26.6241083266 0.142701555674 0.00243290995612
26.781419436 0.140934795244 0.00248213210166
26.93860122 0.139358091926 0.0023916580132
27.0956205047 0.137692849437 0.00227501135974
27.2527005986 0.136201030797 0.00223992839264
27.4097416489 0.134598873669 0.00223017718374
27.5670283015 0.132982224266 0.00217411696069
27.7240761899 0.131564062889 0.00208077734009
27.8806357116 0.130089621544 0.00214060998748
28.0375531904 0.128644292638 0.00198936771215
28.1948143456 0.127228157537 0.00210291224833
28.3522388167 0.125852217 0.00195857037896
28.5091012413 0.124414760755 0.00198903378356
28.665979508 0.123114975523 0.00195032451915
28.8235603248 0.121753065929 0.00195069200821
28.9807226688 0.120450723477 0.00190684287604
29.1377180472 0.119149174234 0.00187946700248
29.2948269064 0.117912572195 0.00180862342647
29.4521859092 0.116650188587 0.00179204792226
29.6091913563 0.115481213992 0.00170593129906
29.7658660575 0.114314694373 0.00179764626892
29.9228052209 0.113175058916 0.0017935390446
30.0800394339 0.112014038685 0.00169025817253
30.237171111 0.110910471236 0.0016660676036
30.3940975519 0.109864648869 0.00164766021146
30.5512438793 0.108783854982 0.00159764452126
30.7085154155 0.107739708487 0.00160197390993
30.8658246644 0.106616364139 0.00157358426669
31.0225561794 0.105657704006 0.00153357100468
31.1793709786 0.104646406286 0.00148003805026
31.3366364983 0.103678658625 0.00145321834123
31.4937487973 0.102701085155 0.00147559059537
31.6508035782 0.101716933425 0.00145666677545
31.8079072118 0.100839103074 0.00140645865566
31.9651038765 0.0999073411662 0.00142328152658
32.1221647233 0.0990042675919 0.00135368732459
32.2793855017 0.0981428021258 0.00142612869055
32.4366431593 0.0973387390425 0.00142946347097
32.5935456753 0.0964552983056 0.00144800008386
32.7504330731 0.0956262024434 0.0013753267154
32.9075361916 0.0948310919088 0.00133310657929
33.0646690091 0.0940350630069 0.00132143072527
33.2216373113 0.0932392239799 0.00133461563414
33.3786201239 0.0925005591694 0.00131240697136
33.5360129068 0.0917717227517 0.00130745097677
33.6932717104 0.0910844413028 0.00125189055715
33.8500397499 0.090397408226 0.0012298316593
34.0070652324 0.0897017812285 0.00120853513072
34.1641421614 0.0890285816793 0.00123636706252
34.3212874621 0.088374515625 0.00117746234794
34.4783843232 0.0877251807964 0.00118703775841
34.6352391787 0.0871161402218 0.00119641550041
34.7924660305 0.0865114975939 0.00123331584406
34.949611286 0.0858967666243 0.00116660416508
35.1066970852 0.0853766665364 0.00115231783259
35.2638694871 0.0847786681208 0.00112977630585
35.4209458387 0.0842884408005 0.00117430030361
35.5779544297 0.0837539001162 0.00114297565533
35.7349450291 0.0832367938418 0.00111604395841
35.8921730456 0.0827440593141 0.00113990287879
36.0494280442 0.0822252348801 0.00114191436836
36.2063416963 0.0818037002722 0.00112292942127
36.3633087243 0.081326435762 0.00109150751054
36.5204829788 0.0809466021938 0.00107396020881
36.6777591101 0.080509649587 0.00109208953773
36.8348227237 0.0801654689489 0.00104465721012
36.9917491311 0.0797953505974 0.00100943239919
37.1489036151 0.0794340922783 0.00104872402654
37.3058402691 0.0791377373026 0.00105214992026
37.4625617595 0.0788185417785 0.00101301502378
37.6196438013 0.0784724059659 0.00100735216939
37.7768997974 0.0781845079982 0.00107060270595
37.9340408746 0.0779902846518 0.00102004944356
38.0912142742 0.0777232508725 0.00104544214236
38.2484508929 0.0774932397586 0.00100313311973
38.4057544228 0.0772856035494 0.00102817685261
38.5627679695 0.0770932115208 0.00100239243031
38.7195990771 0.0769153175819 0.000993100406815
38.8768267445 0.0768060969313 0.000996335131271
39.0339331232 0.0766577017525 0.000988092169924
39.1907280263 0.0765493133273 0.000979593802831
39.3478424351 0.0764854357127 0.000998318683207
39.5050886308 0.0764093450529 0.000990145458698
39.6621348359 0.0763909365458 0.000996373130641
39.8190003566 0.0763602824727 0.000988656045617
39.9761609099 0.0763774421867 0.000978751530144
40.1335534159 0.0764523214193 0.000967237613017
40.2904942091 0.0762276200745 0.000971830525167
40.4474292088 0.0757848869944 0.000964625730385
40.6045677135 0.0753156503133 0.000974294495914
40.7616019986 0.0749063987424 0.000947398340823
40.9187061708 0.0744488445563 0.000969607178537
41.0757534567 0.0740192773104 0.000955303233017
41.2327020158 0.0736047647796 0.000932703109258
41.3898062159 0.0731501413358 0.000965634709477
41.5469568996 0.0727787369883 0.000934163346879
41.7042059984 0.0723169996532 0.000948170210309
41.8612390276 0.0719382776682 0.000963330244756
42.0180346408 0.0716050912071 0.000968617999408
42.175303856 0.0711981492962 0.000940902178669
42.33268702 0.0708354229707 0.000917370806672
42.4895160759 0.0704490610431 0.000957552795132
42.6465448361 0.0701324439952 0.000924921374569
42.8037931047 0.0697826780635 0.000951422930401
42.9608846543 0.0694207174466 0.00093674041587
43.1179611734 0.0690795909473 0.000937503200215
43.2748729609 0.0687708668466 0.000950023903945
43.432159008 0.0684502579169 0.000933100525542
43.5891575644 0.0681380110872 0.000945279793447
43.7459001944 0.0677978401315 0.000932362127617
43.9030819673 0.0675254950775 0.000930322205227
44.0602654014 0.0672135621296 0.000911431970296
44.217339474 0.0669675212833 0.000933490350987
44.3744187097 0.0666367655579 0.000930126110492
44.5315905402 0.0663773189342 0.000907675454352
44.6886436901 0.0661334105487 0.000929280079253
44.8456823075 0.0658334511012 0.000922413363964
45.0026930435 0.06561311252 0.000920595529046
45.1597728477 0.0653612608732 0.000935664458271
45.3168628569 0.065065854062 0.000933580097949
45.4738408809 0.0648937406855 0.000963900053681
45.6309625727 0.0646923823114 0.000936931323538
45.788092155 0.0644007587023 0.000951836921819
45.9452602245 0.0641946540529 0.000895302600263
46.102410653 0.0640111092569 0.00092238331527
46.2594230376 0.0638131106754 0.000930645385907
46.4165186485 0.0635928737907 0.000954850814801
46.5735899522 0.0634111780744 0.000931716430271
46.7305512293 0.063244097989 0.000918755250959
46.8876953393 0.0630426729358 0.00093286100822
47.0448748766 0.0628537637315 0.000928378343391
47.2019453284 0.0627599988774 0.000959905966527
47.3588111254 0.0625742409804 0.000957570110359
47.5159492213 0.062418768681 0.00092476718007
47.6732084307 0.0622918084173 0.000931154859806
47.8300553965 0.0621356023156 0.00090834503338
47.9870558614 0.0620770115881 0.000934248367566
48.1442526437 0.0618935525162 0.00094114847857
48.3016227588 0.0618457433715 0.000957574342419
48.4585177878 0.0617146234573 0.000983287024328
48.6152071531 0.0616221902151 0.000978713285418
48.7724215351 0.0615523331165 0.000964882845299
48.9297029933 0.0614653837193 0.000930405336244
49.0868773018 0.0614443493882 0.000951552378557
49.2438832025 0.0613621659019 0.000965973285829
49.4010344374 0.0613402342974 0.000991620909781
49.5583150841 0.0613080653558 0.000986472634648
49.7152929826 0.0612795268519 0.00099168024832
49.8721982172 0.0612417836498 0.00103343586018
50.0293260336 0.061271199809 0.00101598264844
50.1863155622 0.0612567968317 0.00104504745883
50.3431804655 0.0612094731784 0.00103971484056
50.5002770096 0.0613097215437 0.00101539324512
50.6576013208 0.0613159799006 0.00103598858671
50.8146839569 0.0613192610267 0.0010538986153
50.9715250942 0.0613670356394 0.00109820805986
51.1286224878 0.0613935191424 0.00106550769038
51.2859209065 0.0614972193956 0.00104258242013
51.4430955509 0.0615426510406 0.00107681096182
51.6001115851 0.0616204919588 0.00108141120946
51.7573196053 0.0617517148363 0.00110540743093
51.9146179631 0.0618212830329 0.00105265733756
52.0713560767 0.0619756797089 0.00108020890999
52.2280647845 0.0619744697987 0.00113237336739
52.3854325445 0.0621898173638 0.00108601824012
52.542576116 0.0623649868458 0.0010943397484
52.6993183342 0.0625165288584 0.00113077022744
52.8563949189 0.0626329396438 0.001118948131
53.0134472462 0.062774909312 0.00113064549977
53.1705187698 0.0630580080662 0.00114236990576
53.327667551 0.0631070131731 0.00118398406175
53.4850029808 0.0633261349072 0.00119978965836
53.6422349646 0.0635320758109 0.00115114055164
53.7989474206 0.0636480175288 0.00120185812871
53.9560083367 0.0639578974235 0.0012877329717
54.113262023 0.0640488694777 0.00126137108421
54.2704292072 0.0643777829737 0.00133048813254
54.4274782483 0.064587278997 0.00137681348251
54.5844185067 0.0646523294662 0.00131150259246
54.7413631615 0.0650802201873 0.00131301869449
54.8984535459 0.0649919448746 0.0013765047689
55.0554307167 0.0655209737346 0.00133561152849
55.2124625212 0.0653503364336 0.00135578454685
55.3698431162 0.0657087480156 0.00137505710429
55.5268954586 0.0657308487011 0.00139232286256
55.6834530498 0.0658021152396 0.00147627376668
55.8406980659 0.0660695448459 0.00147689038824
55.9982197426 0.065895494422 0.00144934176139
56.1550210557 0.0661795500909 0.00144334999183
56.3120268051 0.0659002900285 0.00149570138175
56.4689983253 0.0658296494507 0.00146823510179
56.6259441669 0.0656871395996 0.0014398511073
56.7825977861 0.065325502894 0.001427136642
56.9397432055 0.0650117893142 0.00136981460381
57.0974576356 0.0646911443256 0.00139883849289
57.2542503063 0.0646065393746 0.00135805339957
57.4113393505 0.0646395285342 0.00137525353938
57.568843213 0.0643254707971 0.00143301154446
57.7258314964 0.0644325245206 0.00142405921915
57.8826685123 0.0645494620593 0.00145541235071
58.0396225764 0.064437713816 0.00155263973658
58.19689622 0.0644557886914 0.00152226774251
58.3538859499 0.0645303549504 0.00157278005939
58.5104842178 0.0646271532988 0.00156503197953
58.6676775171 0.0647130900504 0.00162663088011
58.82508229 0.0646751619392 0.00160373200865
58.9822473612 0.0648889563262 0.00156174453477
59.1388469248 0.0651326296447 0.00160236425722
59.2956446428 0.065090502955 0.00162575284828
59.45352258 0.0653600171237 0.00162083961012
59.6107023147 0.0656263199721 0.00160601858769
59.7673145608 0.0657954310114 0.00171750754227
59.9247034596 0.0659579408416 0.0016575990815
60.0825887107 0.0661726599816 0.00165493799538
60.2393268414 0.0664885228931 0.00166802600872
60.3957700346 0.0667411706074 0.00170157453933
60.5535964191 0.0670212733086 0.00172161318479
60.7107514388 0.0674273469672 0.00174699758091
60.8669442195 0.0677636014721 0.00160773170188
61.0242553144 0.0680924610322 0.00171194475762
61.1824745317 0.068298921706 0.00179285090658
61.3392279614 0.0688874636209 0.00174833930189
61.4950009536 0.0693792344447 0.00181189899131
61.6527308726 0.0697077594706 0.00182505700443
61.8103576822 0.0700014134233 0.00190069617746
61.9665887922 0.0708057255779 0.00200788154454
62.123357907 0.0712545084001 0.00200430206519
62.2810707778 0.0716246007009 0.00209413633879
62.4388844065 0.0722866948762 0.0020136426761
62.5950947552 0.0730001095372 0.00203692547923
62.751261334 0.0734354180927 0.00212373140173
62.9097038339 0.07417160718 0.00227388482692
63.0674237322 0.0747853992718 0.00228802058041
63.2228029494 0.0755045585762 0.00236303043579
63.3798737744 0.0759317764941 0.00226697505298
63.5388253773 0.0769286435382 0.00250145011552
63.695839971 0.0779345333823 0.00274845377042
63.8506931558 0.0785218922248 0.00247649031994
64.0083929989 0.0794279125389 0.00269826161182
64.1680954367 0.0802742528208 0.00270062512931
64.3236878351 0.081432707991 0.00265404031715
64.4778131327 0.0824049522144 0.00278293148286
64.636887403 0.0832933164449 0.00293863161328
64.7962548762 0.0843622085956 0.00284072340594
64.951483037 0.0855640914623 0.00287468278489
65.1074289973 0.0868039317766 0.00303309798821
65.2668624378 0.088084088237 0.00306085141617
65.4233208546 0.0893263220295 0.00289575151491
65.5752136255 0.0911208522068 0.00302082329473
65.7349382737 0.0921529115516 0.00323257176477
65.8977643927 0.0937827292972 0.00306072548943
66.0507446561 0.0952641562788 0.00329384697486
66.2009878048 0.0965130653309 0.00320941171804
66.3635240574 0.0982476539569 0.00335781315454
66.5295070644 0.100093957136 0.0032728844082
66.6798786865 0.101538964305 0.00352390740541
66.8272725251 0.103444610345 0.0039424643247
66.9932941111 0.104774493794 0.00376501624776
67.1616732756 0.107480528234 0.00384494167807
67.3049589117 0.110007372179 0.003814763626
67.4491169303 0.112055594863 0.00477144920005
67.6222984842 0.114419219971 0.0049031301322
67.7955065787 0.11653472423 0.00489089602936
67.9274475847 0.118624380392 0.00474062715176
68.069661165 0.121434575156 0.00609039968195
68.2486961717 0.125164619679 0.00589860816386
68.4266321951 0.127914250522 0.00796146396587
68.5622050977 0.133378287482 0.00815622067191
68.6968329593 0.132651838891 0.00818199154044
68.8760784586 0.138081587525 0.00915203854509
69.0549836093 0.140793276802 0.0102267319055
69.1973197047 0.143757988078 0.0127559359002
69.3207995617 0.151278181988 0.0205185046673
69.491395293 0.142504710698 0.035112138122
69.6498955866 0.128980664592 0.117647778501
