0.222491030617 112.65852461 29.5861661465
0.376978054127 42.2350445592 7.28778959001
0.536197546614 20.8635991281 2.04254749001
0.695915194122 12.5710480879 1.49682754757
0.858774946451 8.37946541617 0.755662450089
1.01197169036 6.13314264911 0.49392120108
1.16917917089 4.58923077889 0.398840097514
1.32705627544 3.67109681513 0.284489536511
1.48634061024 2.98829530038 0.259821620015
1.64405620365 2.48266360675 0.21102889252
1.79915822667 2.12170025408 0.179613824296
1.95696522892 1.83897974706 0.148473739075
2.11759973646 1.59573371906 0.147074424177
2.27421365513 1.41496353577 0.122625058021
2.43019744421 1.27500768443 0.11754855337
2.5869075974 1.13596306829 0.10234382649
2.74394111064 1.04346624965 0.0920693205373
2.90135771195 0.955844700053 0.0911803558944
3.05917416634 0.877949656001 0.0778289473566
3.21704315773 0.81692263728 0.0748785898842
3.37375200416 0.75431207981 0.0737856876224
3.52987389711 0.706084252477 0.0681344412832
3.68783393937 0.662226909499 0.0644730445147
3.84466268563 0.619084469127 0.0624039663301
4.00164386013 0.588463206316 0.0640798802979
4.15997792172 0.555134349427 0.060757426106
4.31798911444 0.528939192087 0.0587480621408
4.47441303344 0.500263598946 0.0531966179141
4.63088422662 0.478304640966 0.0489719617058
4.78701696835 0.456649582809 0.047422523573
4.94472467163 0.436020213431 0.0470519595861
5.10234433862 0.417711504362 0.0434150223566
5.25984825652 0.399514095208 0.0415967716476
5.41727427456 0.385507869492 0.0414783062583
5.57425070304 0.371046721588 0.0393453484852
5.73155006772 0.355692707256 0.0376170990889
5.88785377092 0.343641861254 0.0370198371151
6.04477645954 0.332656611297 0.0351775760203
6.2021413486 0.321314205074 0.0346299811807
6.35873064218 0.310942521326 0.0342445990647
6.51583562971 0.301236183002 0.0329939603334
6.67314342724 0.291183183476 0.0309265597335
6.83105835785 0.282763201474 0.0300021092775
6.98882420021 0.27389947213 0.0291554773252
7.14591573079 0.26641028231 0.0281027192072
7.30219067849 0.258796735189 0.0271298741959
7.4586246111 0.25160291965 0.026097986715
7.61595659852 0.244626650706 0.0253973802395
7.77319781751 0.23804322304 0.0249787214769
7.93042042905 0.232068029741 0.0238028309688
8.08796891986 0.225639799245 0.0225043905915
8.24542054388 0.220042550131 0.0218663180759
8.40294107364 0.214499810902 0.02097173867
8.55925093927 0.208830369484 0.0201884517146
8.71619548167 0.204039410765 0.019406393916
8.87352903603 0.199069942048 0.0186587536329
9.02979233855 0.194399308558 0.0180253895212
9.18691772391 0.18985475652 0.0177108170684
9.34411948819 0.185561343551 0.0170007558819
9.50163507869 0.181427370284 0.0164229251617
9.65884965315 0.1774881381 0.0154386807766
9.81535045341 0.173809515434 0.015250160806
9.9731612508 0.169683923711 0.0148788626393
10.1301831114 0.166180762001 0.0143842137639
10.2872911939 0.162596556547 0.0138339254058
10.4445356803 0.158836063119 0.0129110232774
10.6010016218 0.155699719365 0.0129209991878
10.7585642257 0.15255610176 0.0125661844759
10.9158964006 0.149599233083 0.0120396711022
11.0724904581 0.146536100108 0.0116907948693
11.2290860463 0.14369530965 0.0114034962873
11.3860353656 0.140655406296 0.0106543814182
11.5440861758 0.13781274296 0.01064805235
11.7016106051 0.135213641284 0.0103153704043
11.8587131069 0.132945204688 0.00982044077608
12.015890342 0.130148856909 0.00973423169941
12.172548146 0.127937384947 0.00945589913389
12.329242749 0.125579663307 0.00930932909724
12.4862668679 0.123232942544 0.00907797191346
12.6428976283 0.121010905013 0.00877795015302
12.7998099907 0.118642335964 0.00869977720846
12.9578152444 0.116644929257 0.00840299426006
13.1152240951 0.114580642456 0.008154430327
13.2718932712 0.112530887674 0.00791486897503
13.4289338199 0.110629647604 0.0076603437889
13.5864489095 0.108768635643 0.00736834662214
13.743576631 0.106837101618 0.00710107200975
13.8998435688 0.104931197565 0.00702841669633
14.0571366915 0.103165874441 0.00681075496234
14.2150288431 0.101473816011 0.00667777767675
14.3720114736 0.0998613028256 0.00654952164035
14.5288755259 0.098060310795 0.00632712440336
14.6859862417 0.0965265789745 0.00611832555187
14.8429405507 0.094883431371 0.00598114461992
14.999929887 0.0934025946872 0.00586466696058
15.1566977878 0.0918584681232 0.00571188292507
15.3136739411 0.0902992972608 0.00564241614101
15.4711943326 0.0890110616259 0.00547440972493
15.6282764186 0.0874553948806 0.00532268855279
15.785068626 0.0861563344839 0.00524762500242
15.9425089068 0.0848271293231 0.00508636597697
16.0996444583 0.0836489890113 0.00501215591862
16.2567135429 0.0823514978333 0.00491962701572
16.4139652942 0.0809590593262 0.00478743727404
16.5709232059 0.0797279683719 0.00473442378982
16.7279636124 0.0786261277931 0.0046632122159
16.8851754964 0.0773711672859 0.00454631191291
17.0420887865 0.0762113765866 0.00433232705926
17.1989813347 0.075070713043 0.00416931593239
17.3558607926 0.0739624765397 0.00414508759747
17.5129385061 0.0728733889475 0.00411255955379
17.6703123915 0.0718446379301 0.00399104265518
17.8275475242 0.0708267047379 0.00396593096017
17.9847956279 0.0696620701307 0.00387086248524
18.142084519 0.0687611955433 0.0037022980248
18.2991317068 0.0676449276472 0.00364140898572
18.4562699762 0.0667422565598 0.00357407648492
18.6131646053 0.0657014821713 0.00347646520553
18.7696777549 0.0648803544006 0.00348559519905
18.9268961633 0.0639667883847 0.00338834247187
19.084103084 0.0630616477311 0.00330072380836
19.2411573997 0.0622014275435 0.00325222285666
19.3984871629 0.0614201413201 0.00318864437429
19.555822855 0.0604996612025 0.00310824444579
19.7132873413 0.0596776276313 0.00303032957776
19.8697414174 0.0589161674241 0.00298153749331
20.0262277415 0.0580957163668 0.00290376900146
20.1834101543 0.0573382013263 0.00284741829397
20.3405737209 0.0565776122751 0.00280200082954
20.4978824974 0.0558046855323 0.00276927618509
20.654881591 0.0550836112448 0.00271281640201
20.8122426752 0.0543811024862 0.00268268752277
20.969898273 0.0536315936728 0.00256973943341
21.1265865993 0.0529685288545 0.00254054559385
21.2832071689 0.0522487858315 0.00249517534125
21.4404956598 0.0515970929203 0.00243203710274
21.5976461927 0.0509618393401 0.00238065564373
21.7545968637 0.0502888468962 0.00232603813519
21.9116027402 0.0496453264897 0.00227619554976
22.0687596835 0.0490863048366 0.00223523098533
22.225831921 0.0484119447792 0.00220994552419
22.3827106178 0.0478481931016 0.00214885191668
22.5398913042 0.0472822513369 0.0021084203378
22.6970833202 0.0466870843375 0.00209818901435
22.8543602658 0.0461361206816 0.00205883003394
23.0115770443 0.0456413261829 0.0020091020917
23.1685860382 0.0450539520569 0.00200162801366
23.3258104934 0.0444672748673 0.00197085427439
23.4831644639 0.0440070688041 0.00189914143907
23.639937026 0.0435173643859 0.0018845331471
23.7966500464 0.0430004701616 0.00189949892892
23.9535331388 0.0425050318961 0.00185233137437
24.1108773628 0.0419940814272 0.00178325003867
24.2683890839 0.0414899354374 0.00173342100266
24.4252019211 0.0410359841222 0.00175073943727
24.5820583134 0.0405661023876 0.00169687305252
24.7389242299 0.0400904696723 0.00166958601124
24.8961407548 0.0396583834498 0.00161630601015
25.0534052686 0.0392443355421 0.00163824412607
25.2101206334 0.0387969897861 0.00164919649687
25.3673537459 0.0383786599528 0.00158327610816
25.5248138859 0.0379412949927 0.00157999799695
25.6818495109 0.0375125968955 0.00153047836648
25.8389795474 0.0371101931676 0.00151493126783
25.9961889348 0.036697915457 0.00150948917878
26.1531743736 0.0363132814214 0.00147180424343
26.3100859203 0.0359231743449 0.00144302922838
26.4670176163 0.0355468313914 0.00141810650814
26.6241083266 0.0351458013014 0.00137271144483
26.781419436 0.0347929729421 0.00138227580745
26.93860122 0.0344500457776 0.00136117468097
27.0956205047 0.0340681328415 0.00134302072409
27.2527005986 0.03371261078 0.00130904347917
27.4097416489 0.0333744277744 0.00128318690698
27.5670283015 0.0330325579643 0.00126319018624
27.7240761899 0.0326784918732 0.0012391696334
27.8806357116 0.0323648026486 0.0012283036907
28.0375531904 0.032063902421 0.00122885413303
28.1948143456 0.0317251495414 0.00120678607309
28.3522388167 0.0314100124565 0.00120226889894
28.5091012413 0.0311087250853 0.00116511784836
28.665979508 0.0308173181582 0.00114594069413
28.8235603248 0.0305097504864 0.00112013314083
28.9807226688 0.0302422997608 0.00111222504907
29.1377180472 0.0299511362883 0.00111480615506
29.2948269064 0.0296680939203 0.00109233001461
29.4521859092 0.0293780560667 0.00106069953992
29.6091913563 0.0291164413679 0.00106027171539
29.7658660575 0.0288562459279 0.00103635505327
29.9228052209 0.0285949544711 0.00104416930228
30.0800394339 0.0283101243146 0.00102100754475
30.237171111 0.0280731285479 0.000995736010806
30.3940975519 0.0278267787921 0.000996361523257
30.5512438793 0.0275899198603 0.00097185713007
30.7085154155 0.0273539613631 0.000976951044305
30.8658246644 0.0271133012095 0.000960782855533
31.0225561794 0.0268710254567 0.000932272224907
31.1793709786 0.026664583514 0.000943595001365
31.3366364983 0.0264399306964 0.000933781143765
31.4937487973 0.0262370273353 0.000910824883105
31.6508035782 0.0260087006037 0.000902445174858
31.8079072118 0.0257962365897 0.000888731633388
31.9651038765 0.0255859849105 0.000878223801565
32.1221647233 0.0253860273773 0.000882264055647
32.2793855017 0.0251977707541 0.00086817308445
32.4366431593 0.0250038670099 0.000837702149966
32.5935456753 0.0248208726668 0.000843248644423
32.7504330731 0.0246314415996 0.000830648304293
32.9075361916 0.0244489362939 0.000848507130471
33.0646690091 0.024270573015 0.000828186743369
33.2216373113 0.0240983760297 0.000801517618906
33.3786201239 0.0239320403864 0.000811498041389
33.5360129068 0.0237562091236 0.000802984921452
33.6932717104 0.0235940693503 0.000788453110491
33.8500397499 0.0234383382657 0.00077949908834
34.0070652324 0.0232894317455 0.000779020452518
34.1641421614 0.023142695507 0.00076505565393
34.3212874621 0.0229980596688 0.000760711453441
34.4783843232 0.0228437581651 0.000743566748963
34.6352391787 0.0227082316319 0.000739151651677
34.7924660305 0.0225827650733 0.000741201140807
34.949611286 0.0224611062271 0.000744600352684
35.1066970852 0.0223265221915 0.000727577013644
35.2638694871 0.022205389255 0.000716631121656
35.4209458387 0.0220849727813 0.000707551657841
35.5779544297 0.0219698187812 0.00070008543941
35.7349450291 0.0218579198833 0.000689587971017
35.8921730456 0.021759966297 0.000692485746922
36.0494280442 0.0216514046499 0.000682899701253
36.2063416963 0.0215644358337 0.000680209549339
36.3633087243 0.0214587433883 0.000673707432331
36.5204829788 0.0213652288163 0.00067434423726
36.6777591101 0.0212817798004 0.000670493946893
36.8348227237 0.0211975012803 0.000677049851855
36.9917491311 0.0211206943019 0.000673702052299
37.1489036151 0.0210418134385 0.00065748617758
37.3058402691 0.0209763461063 0.000651222720319
37.4625617595 0.0209203016825 0.000643929244874
37.6196438013 0.020843535637 0.000636564825689
37.7768997974 0.0207885295994 0.000639899052122
37.9340408746 0.0207402991353 0.000640401997597
38.0912142742 0.0207048928258 0.000642896987187
38.2484508929 0.0206572504111 0.000640847180346
38.4057544228 0.0206175016563 0.000638106860096
38.5627679695 0.0205899109721 0.000625991381326
38.7195990771 0.0205660912581 0.000635509248915
38.8768267445 0.0205443217638 0.000622950761118
39.0339331232 0.0205235735122 0.000619507682085
39.1907280263 0.0205112258958 0.000619089610132
39.3478424351 0.0205151533698 0.000618712243787
39.5050886308 0.020498232247 0.000610323663422
39.6621348359 0.0205218246299 0.000620322277741
39.8190003566 0.0205153920238 0.000612219510508
39.9761609099 0.0205329937247 0.000620403952943
40.1335534159 0.0205767136139 0.00061918128901
40.2904942091 0.0205087131832 0.000612861163647
40.4474292088 0.0203936093944 0.000619782976477
40.6045677135 0.0202669642486 0.000607229479431
40.7616019986 0.0201613045365 0.000604094394748
40.9187061708 0.0200453960219 0.000600136078306
41.0757534567 0.0199363198441 0.000598591143704
41.2327020158 0.0198324059348 0.000589847530861
41.3898062159 0.0197137222771 0.000591340871667
41.5469568996 0.0196216504214 0.00059274858061
41.7042059984 0.0195192983573 0.000586722981128
41.8612390276 0.0194266060011 0.000584910886719
42.0180346408 0.0193261088439 0.000572314016427
42.175303856 0.0192263411919 0.000572472530935
42.33268702 0.0191265147254 0.000565180426603
42.4895160759 0.0190408294592 0.00056584544087
42.6465448361 0.0189559621004 0.000562833231615
42.8037931047 0.0188836643505 0.00056232818409
42.9608846543 0.018786390183 0.000563663532601
43.1179611734 0.0186919416653 0.000553919409931
43.2748729609 0.0186286215584 0.000556976977034
43.432159008 0.0185324857447 0.000543637059459
43.5891575644 0.0184674854881 0.000550136760019
43.7459001944 0.0183867000733 0.000551248270088
43.9030819673 0.0183259983487 0.000547836768144
44.0602654014 0.0182488681916 0.000541566345854
44.217339474 0.0181847880876 0.000536059217419
44.3744187097 0.0181074241187 0.000529094655345
44.5315905402 0.0180364065435 0.000529014572406
44.6886436901 0.0179926728615 0.000526208333536
44.8456823075 0.0179247950903 0.000518018607883
45.0026930435 0.0178572830759 0.000513787768578
45.1597728477 0.0177955504177 0.000524142786827
45.3168628569 0.0177327113128 0.000509253366425
45.4738408809 0.01768867589 0.00051734781135
45.6309625727 0.0176419951472 0.00051119071256
45.788092155 0.0175831829108 0.000507882150312
45.9452602245 0.0175343724778 0.00051171389013
46.102410653 0.0174926438597 0.00050438127033
46.2594230376 0.017448778608 0.000507094125328
46.4165186485 0.0173959454401 0.000505875563042
46.5735899522 0.0173558217702 0.000493848513879
46.7305512293 0.017312730036 0.000491929670546
46.8876953393 0.0172831997581 0.000492393039724
47.0448748766 0.0172465594925 0.000485812597932
47.2019453284 0.0172224845409 0.000485978809854
47.3588111254 0.0171726855419 0.000492974175125
47.5159492213 0.0171382332017 0.000480761078835
47.6732084307 0.0171191774727 0.000477282142328
47.8300553965 0.0170995366013 0.000496116947125
47.9870558614 0.0170890137858 0.000478374251591
48.1442526437 0.0170476390951 0.000477871032304
48.3016227588 0.0170483301655 0.000482714611516
48.4585177878 0.0170077763389 0.000478605867255
48.6152071531 0.0170119126757 0.000476738935376
48.7724215351 0.0169901500564 0.000481082717457
48.9297029933 0.0169862188182 0.000485162438923
49.0868773018 0.0169848139396 0.000487845914202
49.2438832025 0.0169665489581 0.000486469036491
49.4010344374 0.0169612670969 0.000477977113886
49.5583150841 0.0169712774257 0.000482502872624
49.7152929826 0.0169799103948 0.000486822104779
49.8721982172 0.0169680836819 0.000492061788749
50.0293260336 0.0169868746165 0.000492345102207
50.1863155622 0.0170112397521 0.000483176340799
50.3431804655 0.0169988375045 0.000499448153749
50.5002770096 0.0170321813583 0.000496214216591
50.6576013208 0.0170368741868 0.000490599849938
50.8146839569 0.0170611108821 0.000496788622233
50.9715250942 0.0171042095595 0.000496800005591
51.1286224878 0.0171098136001 0.000496222119848
51.2859209065 0.017138348715 0.000500016893776
51.4430955509 0.0171783843009 0.000498460830548
51.6001115851 0.0172209393553 0.000499353946253
51.7573196053 0.0172655626964 0.000493571216662
51.9146179631 0.0172750449333 0.000498325395455
52.0713560767 0.0173199577716 0.000495783216056
52.2280647845 0.0173567775633 0.000505493657516
52.3854325445 0.0174153378286 0.000505117108514
52.542576116 0.0174753519892 0.000517534065902
52.6993183342 0.017531960908 0.000517550614089
52.8563949189 0.0175841716321 0.000508270858636
53.0134472462 0.017608401264 0.000522521884108
53.1705187698 0.0177026271058 0.000506188839811
53.327667551 0.0177312550124 0.000509972391166
53.4850029808 0.017808110351 0.000516521654963
53.6422349646 0.0178910797202 0.00053012427444
53.7989474206 0.0179264458534 0.000520079688162
53.9560083367 0.018035814048 0.000523161492594
54.113262023 0.0180556364858 0.000532505383412
54.2704292072 0.0181607969936 0.000535719019539
54.4274782483 0.0182258145654 0.000541660280362
54.5844185067 0.0182444764197 0.000545227142889
54.7413631615 0.0183842452284 0.000545827983735
54.8984535459 0.0183585171502 0.000548620623283
55.0554307167 0.0185418269571 0.000542062713645
55.2124625212 0.0184877526364 0.000545596624641
55.3698431162 0.0186162339115 0.000555974650351
55.5268954586 0.0186260783859 0.00055150693695
55.6834530498 0.0186373299615 0.000557144495406
55.8406980659 0.0187252513617 0.0005474670074
55.9982197426 0.0186953022134 0.000553325144509
56.1550210557 0.0187784243533 0.000546107783398
56.3120268051 0.0186969258372 0.000571013024743
56.4689983253 0.0186597645249 0.00056135500836
56.6259441669 0.0186264934226 0.000535853813288
56.7825977861 0.0185447559646 0.000548607088881
56.9397432055 0.0184468994821 0.000574516725084
57.0974576356 0.0183790313044 0.000573570301808
57.2542503063 0.018332519091 0.000582291264098
57.4113393505 0.0183637447384 0.000569750544483
57.568843213 0.0182977096023 0.000578621130466
57.7258314964 0.0182994381898 0.000556789399103
57.8826685123 0.0183297100597 0.00057269780431
58.0396225764 0.018321343642 0.000551997919815
58.19689622 0.0183645775135 0.000576458709673
58.3538859499 0.0183672651049 0.000549726632863
58.5104842178 0.018422797268 0.000562775347083
58.6676775171 0.0184512994085 0.000552201856684
58.82508229 0.0184545749363 0.000549516486736
58.9822473612 0.0185621150194 0.000568807088626
59.1388469248 0.0186122792712 0.000576304029756
59.2956446428 0.0186202394956 0.000574024722041
59.45352258 0.0186881075893 0.000582860253446
59.6107023147 0.0187676760145 0.000571966450547
59.7673145608 0.0188403159412 0.000589653676467
59.9247034596 0.018893392098 0.000572000646188
60.0825887107 0.0189879259082 0.00059655398759
60.2393268414 0.0190700661097 0.000606963911724
60.3957700346 0.0191485195664 0.000615182551182
60.5535964191 0.0192416723105 0.000593698248261
60.7107514388 0.0193692494908 0.000638071956789
60.8669442195 0.0195017075196 0.000605310816385
61.0242553144 0.0195814089852 0.000619673252563
61.1824745317 0.0197003641663 0.000620433411888
61.3392279614 0.0198409874533 0.000621052661166
61.4950009536 0.01998866605 0.000658902460781
61.6527308726 0.0201249463273 0.000663556531963
61.8103576822 0.0202475075387 0.000673174858425
61.9665887922 0.0204273071021 0.000654359524406
62.123357907 0.0205793436854 0.000678317512097
62.2810707778 0.0207150504274 0.000706014159888
62.4388844065 0.0208862870302 0.000703441770425
62.5950947552 0.0211244332049 0.000674456087939
62.751261334 0.0212918115382 0.000668955616036
62.9097038339 0.021461692655 0.000716084899578
63.0674237322 0.0216426801677 0.000714469450424
63.2228029494 0.0219308500026 0.000704254207175
63.3798737744 0.0220708351003 0.000709517063391
63.5388253773 0.0224214840213 0.000805257843683
63.695839971 0.022649065107 0.000786861169104
63.8506931558 0.0229215622535 0.000772913820442
64.0083929989 0.0231765228865 0.000820909807271
64.1680954367 0.0234281193977 0.000824814732936
64.3236878351 0.0237805308577 0.000831453905464
64.4778131327 0.0240343980014 0.000838467930999
64.636887403 0.0243215752616 0.00086426263485
64.7962548762 0.02466492672 0.000933069923106
64.951483037 0.025035129589 0.000905514039777
65.1074289973 0.0253559934296 0.000979563865084
65.2668624378 0.0256785100414 0.00101845407996
65.4233208546 0.0260404280862 0.00100398563056
65.5752136255 0.026574270013 0.00102185998177
65.7349382737 0.0268563585989 0.00105625226212
65.8977643927 0.0273197972082 0.00103637363529
66.0507446561 0.0279566381693 0.0011119275772
66.2009878048 0.0283247965071 0.00107767776298
66.3635240574 0.0287671342304 0.00107268090835
66.5295070644 0.0294772097303 0.00115964142131
66.6798786865 0.0297878461742 0.00126918672638
66.8272725251 0.0304622912239 0.0013015532855
66.9932941111 0.0309675779858 0.00122793531147
67.1616732756 0.0318144180173 0.00140760108846
67.3049589117 0.0324122227602 0.00156603672877
67.4491169303 0.0330164513283 0.00157861066071
67.6222984842 0.0334233008081 0.00161950731714
67.7955065787 0.0344394206749 0.00172639321709
67.9274475847 0.0352560649988 0.00200400500615
68.069661165 0.0360046191265 0.00198054306151
68.2486961717 0.0369945105785 0.0020250473396
68.4266321951 0.0380985945389 0.00226960786957
68.5622050977 0.0389934042046 0.00276965781242
68.6968329593 0.0397659727366 0.00270523716471
68.8760784586 0.0404330670563 0.00350319935591
69.0549836093 0.0412872944705 0.0039622646499
69.1973197047 0.0402681445873 0.00571380377933
69.3207995617 0.04185682849 0.00581450537619
69.491395293 0.0417737600468 0.0114586511594
69.6498955866 0.0304429322019 0.0404662459508
