0.222491030617 300.933206289 81.0657856021
0.376978054127 119.145649366 22.2705341234
0.536197546614 62.9540261935 8.03438248392
0.695915194122 41.6074301823 5.98561822975
0.858774946451 29.5226848943 3.91576634301
1.01197169036 22.8526099596 3.48726888874
1.16917917089 18.4980045376 2.64233276943
1.32705627544 15.673616985 2.50640882834
1.48634061024 13.5166901008 2.08554196854
1.64405620365 11.7722285792 1.90097797647
1.79915822667 10.4838107812 1.79683115383
1.95696522892 9.4746627252 1.62990418481
2.11759973646 8.64020653202 1.53794040116
2.27421365513 7.88096460241 1.39699123523
2.43019744421 7.31815280625 1.28628501563
2.5869075974 6.77543241537 1.19677524142
2.74394111064 6.28730713077 1.08421032618
2.90135771195 5.89505971111 1.01459240305
3.05917416634 5.53213098261 0.971432352893
3.21704315773 5.22228136191 0.902941531487
3.37375200416 4.95059712782 0.866999301219
3.52987389711 4.68806285633 0.783795718744
3.68783393937 4.45935757858 0.73250369525
3.84466268563 4.23673197561 0.709341074534
4.00164386013 4.0293249534 0.664202344639
4.15997792172 3.83875171864 0.608887337284
4.31798911444 3.66533119022 0.585375359794
4.47441303344 3.50014059637 0.53884873598
4.63088422662 3.35306750612 0.512387781446
4.78701696835 3.20355977183 0.485005923617
4.94472467163 3.06458502082 0.4557000086
5.10234433862 2.9381960333 0.428845970614
5.25984825652 2.816104547 0.393619700094
5.41727427456 2.69843802796 0.371675618222
5.57425070304 2.58667056432 0.347847400955
5.73155006772 2.48118194698 0.318135283455
5.88785377092 2.38052543264 0.307464160304
6.04477645954 2.28684278023 0.280055068567
6.2021413486 2.20395299133 0.266221212463
6.35873064218 2.11752056068 0.248493633416
6.51583562971 2.040683933 0.232946642125
6.67314342724 1.96366319057 0.218361937511
6.83105835785 1.89255005674 0.199736571745
6.98882420021 1.82770109867 0.19524714075
7.14591573079 1.76408816469 0.186586877634
7.30219067849 1.70056432989 0.171047931864
7.4586246111 1.64271605074 0.161355142929
7.61595659852 1.58780445963 0.152297631025
7.77319781751 1.53686070082 0.150359112046
7.93042042905 1.48290382436 0.141073402226
8.08796891986 1.43319822563 0.134844451561
8.24542054388 1.38730051746 0.126520698296
8.40294107364 1.34414751618 0.122542235981
8.55925093927 1.29805983544 0.116828755377
8.71619548167 1.25762606576 0.110754659656
8.87352903603 1.21884080255 0.105788121363
9.02979233855 1.18331451186 0.104027110802
9.18691772391 1.14655587182 0.0974152981246
9.34411948819 1.11141406619 0.0956445287464
9.50163507869 1.07880889529 0.0891338426952
9.65884965315 1.04646533814 0.0861652278186
9.81535045341 1.01549503065 0.0841193110141
9.9731612508 0.988795383913 0.0795184886238
10.1301831114 0.961125231434 0.0755450098835
10.2872911939 0.934330949812 0.0731667651135
10.4445356803 0.906410919466 0.0694081069625
10.6010016218 0.881772162397 0.0666851211644
10.7585642257 0.857839359001 0.0640781613181
10.9158964006 0.835703418643 0.0614229264704
11.0724904581 0.813481979235 0.0585170814762
11.2290860463 0.792348633043 0.0585840524253
11.3860353656 0.771560488232 0.0548448440683
11.5440861758 0.752385677706 0.0531141946982
11.7016106051 0.733291142784 0.0504922766365
11.8587131069 0.714322437879 0.0484642089182
12.015890342 0.697209594851 0.0477606587076
12.172548146 0.679490067827 0.0452182301693
12.329242749 0.662670870219 0.0445108439004
12.4862668679 0.646251089166 0.0420835852297
12.6428976283 0.631271762995 0.0409979135062
12.7998099907 0.616096224303 0.0386244615337
12.9578152444 0.602227893833 0.0378987144941
13.1152240951 0.587659709733 0.0371595629524
13.2718932712 0.574997631022 0.0360625008865
13.4289338199 0.561929706043 0.0336182850707
13.5864489095 0.548666548805 0.033179098269
13.743576631 0.536555806334 0.0321851724592
13.8998435688 0.524082775141 0.0310789494845
14.0571366915 0.513273104936 0.0296712352015
14.2150288431 0.501848814118 0.028912581506
14.3720114736 0.491292103389 0.0276092757217
14.5288755259 0.480671849027 0.0270824265967
14.6859862417 0.470456654233 0.0265858312263
14.8429405507 0.460545358464 0.0251043332056
14.999929887 0.451587842003 0.0255633762004
15.1566977878 0.442532791546 0.0251930702063
15.3136739411 0.433851149623 0.024371692799
15.4711943326 0.425103710657 0.0234610331303
15.6282764186 0.416450863515 0.022445571625
15.785068626 0.408399814312 0.0219541613151
15.9425089068 0.400613376629 0.0213935491506
16.0996444583 0.39262554819 0.0205601783798
16.2567135429 0.385130553557 0.0198428498663
16.4139652942 0.37740405903 0.0197360619002
16.5709232059 0.370311238302 0.0192411811389
16.7279636124 0.363486057246 0.0183303495396
16.8851754964 0.35713041288 0.0183831732003
17.0420887865 0.350127688064 0.0176861390082
17.1989813347 0.343938537602 0.0174153777929
17.3558607926 0.337835959859 0.017106146315
17.5129385061 0.331436729499 0.0166023145867
17.6703123915 0.325666779491 0.016004627393
17.8275475242 0.319827209538 0.0156767784105
17.9847956279 0.3142112035 0.015018972782
18.142084519 0.309222384994 0.0147701842269
18.2991317068 0.303921340571 0.0140214700723
18.4562699762 0.298543492026 0.0141555106513
18.6131646053 0.293460610469 0.013712854006
18.7696777549 0.288710262425 0.013605355315
18.9268961633 0.283386713667 0.0130646844387
19.084103084 0.279139813361 0.0132622633036
19.2411573997 0.274780275436 0.0127880336869
19.3984871629 0.270329313293 0.0125866115014
19.555822855 0.265665943597 0.0125088317996
19.7132873413 0.261500004007 0.0121901802829
19.8697414174 0.25721046406 0.0119329018896
20.0262277415 0.253302746358 0.0118786057925
20.1834101543 0.249209546839 0.0114233151938
20.3405737209 0.245357548993 0.0108147720046
20.4978824974 0.241589139222 0.0107470111964
20.654881591 0.237628592973 0.0104192507208
20.8122426752 0.234107801665 0.0102807666856
20.969898273 0.230503076853 0.00994190474411
21.1265865993 0.226914468364 0.00996378323501
21.2832071689 0.223675585834 0.00977258774151
21.4404956598 0.220319643325 0.00959529802904
21.5976461927 0.216931622785 0.00926733738158
21.7545968637 0.214043162103 0.00911712251416
21.9116027402 0.210914200234 0.00898379528129
22.0687596835 0.207829979341 0.00868061846642
22.225831921 0.204688061776 0.00857945783928
22.3827106178 0.201670435834 0.00837725898093
22.5398913042 0.198941566922 0.00813442351395
22.6970833202 0.196188496322 0.00806574708325
22.8543602658 0.193310912217 0.00790807030027
23.0115770443 0.190787951335 0.00770855852711
23.1685860382 0.188135003076 0.00766201613
23.3258104934 0.185557695019 0.0074282157001
23.4831644639 0.18290335846 0.00716582155931
23.639937026 0.180465373572 0.00703300747827
23.7966500464 0.178049956191 0.00711801235467
23.9535331388 0.17573627969 0.00697862722864
24.1108773628 0.173408539052 0.0067002500101
24.2683890839 0.17115572122 0.00664793772605
24.4252019211 0.168836421208 0.00649616567193
24.5820583134 0.16677641813 0.00636231649711
24.7389242299 0.164677109731 0.00621795766094
24.8961407548 0.162426644208 0.00614909072991
25.0534052686 0.160349466012 0.00610244201759
25.2101206334 0.158444268841 0.00604477766601
25.3673537459 0.156420828418 0.005829201449
25.5248138859 0.154429030837 0.00574706435096
25.6818495109 0.152504048577 0.00568631531855
25.8389795474 0.150692503942 0.00558793624503
25.9961889348 0.148820969924 0.00557226584604
26.1531743736 0.147011590045 0.00545256547856
26.3100859203 0.145309890677 0.00541038090415
26.4670176163 0.143577885479 0.00530274136798
26.6241083266 0.141889904495 0.00517893338561
26.781419436 0.140092987644 0.00517270905681
26.93860122 0.138514538778 0.00498056315548
27.0956205047 0.136930181506 0.00495202441792
27.2527005986 0.135319152843 0.00472705192674
27.4097416489 0.133803293347 0.0047400997877
27.5670283015 0.132231032984 0.00464144133351
27.7240761899 0.130845094038 0.00457074691197
27.8806357116 0.129401842675 0.00454528137719
28.0375531904 0.127936591036 0.004421639631
28.1948143456 0.126514363011 0.00432235908802
28.3522388167 0.125161894652 0.00438362102699
28.5091012413 0.123785649734 0.00431068483336
28.665979508 0.122477483674 0.00427483001051
28.8235603248 0.12116194366 0.00412865637187
28.9807226688 0.119798415233 0.00406164089585
29.1377180472 0.11861784096 0.00401036744156
29.2948269064 0.117342516866 0.00394495096235
29.4521859092 0.116101625851 0.00388318614051
29.6091913563 0.114958412191 0.0038858784734
29.7658660575 0.113786166764 0.00382697819633
29.9228052209 0.112604428989 0.00378570420028
30.0800394339 0.111402287743 0.00375136855173
30.237171111 0.110388683715 0.00371713143909
30.3940975519 0.109319759403 0.0036812452428
30.5512438793 0.108134871973 0.00366167925054
30.7085154155 0.107174522899 0.00356989981492
30.8658246644 0.106109288901 0.00352365461091
31.0225561794 0.105143267812 0.00342299242284
31.1793709786 0.104178215249 0.00341983512385
31.3366364983 0.103167944506 0.00338748912774
31.4937487973 0.102232731358 0.00337529706495
31.6508035782 0.101254286538 0.00326904401412
31.8079072118 0.100306366899 0.00329595125133
31.9651038765 0.0994765029718 0.00331041640082
32.1221647233 0.0985557926028 0.00323612607497
32.2793855017 0.0977179609499 0.00317775312796
32.4366431593 0.0968438648166 0.00307771102178
32.5935456753 0.0960269156933 0.00310397004015
32.7504330731 0.0952497829135 0.00306299973493
32.9075361916 0.0944305636825 0.00302581165584
33.0646690091 0.0936568874371 0.00306400402151
33.2216373113 0.092869953884 0.00307643027181
33.3786201239 0.0921136604338 0.0029901390866
33.5360129068 0.0913722087057 0.00297863689531
33.6932717104 0.0906555359957 0.00296937401026
33.8500397499 0.0900011761021 0.00293295298929
34.0070652324 0.0893165847319 0.0029142387822
34.1641421614 0.0886670759233 0.00285401025954
34.3212874621 0.0880372967013 0.00285216767028
34.4783843232 0.0874373810018 0.00281879817908
34.6352391787 0.086759073752 0.00280944625617
34.7924660305 0.0861698399625 0.00274897610869
34.949611286 0.0856238355185 0.00273136946091
35.1066970852 0.0850409279627 0.00273138283963
35.2638694871 0.0845058407488 0.00263704177033
35.4209458387 0.083985957985 0.00262779628823
35.5779544297 0.0834350883749 0.00257996292213
35.7349450291 0.0829467996714 0.00262194361743
35.8921730456 0.0824811861671 0.00254758950839
36.0494280442 0.081961436432 0.00257463936816
36.2063416963 0.0815520776855 0.00253206468201
36.3633087243 0.0811140294954 0.00250640709929
36.5204829788 0.0806788814712 0.00250354373439
36.6777591101 0.0802771030323 0.00252928985998
36.8348227237 0.079889901521 0.00249990419673
36.9917491311 0.0795598519962 0.00246034233148
37.1489036151 0.0792030578777 0.00248264462828
37.3058402691 0.0788846512682 0.00249647966597
37.4625617595 0.0785848729336 0.00245668599665
37.6196438013 0.0782553183735 0.00243513521209
37.7768997974 0.0780086084621 0.00242695824101
37.9340408746 0.0777151202781 0.00243118259577
38.0912142742 0.0774564945535 0.00240319877264
38.2484508929 0.0772639444284 0.00241709379164
38.4057544228 0.0770562757839 0.00241405891281
38.5627679695 0.0768838011186 0.00239840322015
38.7195990771 0.0767155170288 0.00231662465934
38.8768267445 0.076626025445 0.00235257692063
39.0339331232 0.0764588855075 0.0023446009227
39.1907280263 0.076350219054 0.00236990702603
39.3478424351 0.0762826391029 0.00237309411605
39.5050886308 0.0761774103624 0.00237519091723
39.6621348359 0.0761410815837 0.0023732441722
39.8190003566 0.076126336806 0.00237326322844
39.9761609099 0.0761726769778 0.00239596275935
40.1335534159 0.0762234025538 0.00241203516525
40.2904942091 0.0759786825027 0.00236812730962
40.4474292088 0.0755653171426 0.00238296768586
40.6045677135 0.0751150209688 0.00237720070756
40.7616019986 0.0746749126511 0.00233410608121
40.9187061708 0.0742226770474 0.00234917604797
41.0757534567 0.0738173143904 0.00227010500178
41.2327020158 0.0733976445902 0.0023204428754
41.3898062159 0.0729489725118 0.00230160657529
41.5469568996 0.0726123685656 0.00225569516394
41.7042059984 0.0721977158128 0.00223236109465
41.8612390276 0.0717969941676 0.00223065039049
42.0180346408 0.0714194865529 0.00222062597619
42.175303856 0.0710519681259 0.00221089618008
42.33268702 0.0707055537712 0.00219398954525
42.4895160759 0.0703209266445 0.00219624075434
42.6465448361 0.0699744935918 0.0022181382063
42.8037931047 0.0696382985448 0.00218772294837
42.9608846543 0.0692645404291 0.00215641150208
43.1179611734 0.0688721163122 0.00214359965047
43.2748729609 0.0685781144834 0.00212691048169
43.432159008 0.0682400553994 0.0020823529095
43.5891575644 0.0679230184415 0.00209010077004
43.7459001944 0.0675934444863 0.00211126503237
43.9030819673 0.0673260200364 0.0020642633495
44.0602654014 0.0670015513695 0.00208112864903
44.217339474 0.0667249088883 0.00207945423663
44.3744187097 0.0664208589585 0.00208775942634
44.5315905402 0.0661556206821 0.00207619513378
44.6886436901 0.0659154465109 0.00207960767659
44.8456823075 0.0656204555256 0.00207035575904
45.0026930435 0.0653706728123 0.0020319928077
45.1597728477 0.0650829698189 0.00202378953672
45.3168628569 0.0648718407163 0.00203923215409
45.4738408809 0.0646294443257 0.00200008953109
45.6309625727 0.0644147065246 0.00201948529654
45.788092155 0.0641863895575 0.00204792300996
45.9452602245 0.0639241648761 0.00203347205534
46.102410653 0.0637587980447 0.00201066117612
46.2594230376 0.0635453247684 0.00200823812996
46.4165186485 0.0633271316511 0.0020220461323
46.5735899522 0.0631716044585 0.00201016139106
46.7305512293 0.0629918775797 0.00199543079567
46.8876953393 0.0627904814754 0.00198741437183
47.0448748766 0.0625921809764 0.00199714946285
47.2019453284 0.0624800818259 0.00199905275461
47.3588111254 0.0623312535923 0.00200323604166
47.5159492213 0.0621725618799 0.00198263296766
47.6732084307 0.0620565219128 0.0020012378015
47.8300553965 0.0618993860967 0.00201501742965
47.9870558614 0.0618464266461 0.00199444498704
48.1442526437 0.0616288852075 0.00202767066138
48.3016227588 0.0616209957075 0.00201425435235
48.4585177878 0.0614468987432 0.00201180946207
48.6152071531 0.0613830021467 0.0019690138759
48.7724215351 0.0612910494471 0.00200803304424
48.9297029933 0.0611828744189 0.0019546981466
49.0868773018 0.0611766610916 0.00201153004038
49.2438832025 0.0610722091893 0.00200514353052
49.4010344374 0.0610551386309 0.00196336680481
49.5583150841 0.0610305467725 0.00198426383388
49.7152929826 0.0609982048776 0.00198591916016
49.8721982172 0.0609245164606 0.002006768819
50.0293260336 0.0609614461192 0.00207740961044
50.1863155622 0.060936131234 0.0020255670323
50.3431804655 0.0609689751649 0.00202375385007
50.5002770096 0.0610184993157 0.00205216876098
50.6576013208 0.0610162931569 0.00203674972841
50.8146839569 0.0610374515267 0.00203817991929
50.9715250942 0.0611114770481 0.00207696409967
51.1286224878 0.0611215758377 0.00204219541658
51.2859209065 0.0611847142253 0.00204144560776
51.4430955509 0.0612766723648 0.00208312625934
51.6001115851 0.0613471987264 0.00207512314154
51.7573196053 0.0614764251429 0.00206014222025
51.9146179631 0.0615171609176 0.00206262889672
52.0713560767 0.0616758627936 0.00206075004994
52.2280647845 0.0617481868994 0.00212936780243
52.3854325445 0.0619404773229 0.00213465201066
52.542576116 0.062074690818 0.00212922087975
52.6993183342 0.062212331249 0.00213943327281
52.8563949189 0.0623764206438 0.00213854829487
53.0134472462 0.062443524567 0.00218433447738
53.1705187698 0.0627629835983 0.00217529575232
53.327667551 0.062831643768 0.00218674883576
53.4850029808 0.0630200432708 0.00223462627575
53.6422349646 0.0632430183691 0.00222768518978
53.7989474206 0.0633161480998 0.00228160557066
53.9560083367 0.0636153654475 0.00227134583486
54.113262023 0.0637134725717 0.00232859193426
54.2704292072 0.0640314400931 0.00234034674101
54.4274782483 0.0642227010626 0.00236706966794
54.5844185067 0.0643027225782 0.00237791170152
54.7413631615 0.064733251148 0.00233687112707
54.8984535459 0.064685119383 0.00235183596883
55.0554307167 0.065195331009 0.00233907191203
55.2124625212 0.0650864670108 0.0023460126999
55.3698431162 0.0654340855794 0.00240557333698
55.5268954586 0.0654696105826 0.002495957237
55.6834530498 0.0655346553766 0.00238697744346
55.8406980659 0.0657996264451 0.00248187151723
55.9982197426 0.0656253244912 0.00250635350436
56.1550210557 0.0659304568191 0.00248427566759
56.3120268051 0.0655525396121 0.00245476887122
56.4689983253 0.0654570251376 0.00251044107308
56.6259441669 0.0654783678537 0.00243816449739
56.7825977861 0.0650673415122 0.00239442082148
56.9397432055 0.0647024630173 0.00239137558092
57.0974576356 0.0644050937014 0.00239089758238
57.2542503063 0.0643049979504 0.00239749270631
57.4113393505 0.0643680681802 0.00242511381921
57.568843213 0.0640382365095 0.0023854285064
57.7258314964 0.064038952497 0.00240045027586
57.8826685123 0.0641773551878 0.00243749127733
58.0396225764 0.0640861728982 0.0024694297207
58.19689622 0.064124480115 0.00240117621877
58.3538859499 0.0641517173517 0.00244287122138
58.5104842178 0.0643434791384 0.00249704438888
58.6676775171 0.0643374795025 0.00252066637642
58.82508229 0.064387328557 0.00256816312725
58.9822473612 0.0646776134148 0.00256193023141
59.1388469248 0.0647235688119 0.00251933391496
59.2956446428 0.064727353896 0.00256575853893
59.45352258 0.0650131742371 0.00256510400686
59.6107023147 0.0652846991533 0.00255664289627
59.7673145608 0.0653785588209 0.00250511376777
59.9247034596 0.0657003683489 0.00255082927989
60.0825887107 0.0658662960095 0.00254012178727
60.2393268414 0.066180497439 0.00266172826742
60.3957700346 0.0663962496725 0.00262375645923
60.5535964191 0.0666833566692 0.00267012097103
60.7107514388 0.067175341493 0.00275602151254
60.8669442195 0.0674958949605 0.00273774917384
61.0242553144 0.0676653307899 0.00273331210377
61.1824745317 0.0680527319419 0.00282457590035
61.3392279614 0.0686192799821 0.00283808300389
61.4950009536 0.0691693846243 0.00288314930604
61.6527308726 0.0693895919937 0.00290643136581
61.8103576822 0.0698751901436 0.00298587305917
61.9665887922 0.0705478626952 0.00301362164976
62.123357907 0.070996877053 0.00304230311397
62.2810707778 0.0714043273694 0.00307539852516
62.4388844065 0.0719844474149 0.00322001570492
62.5950947552 0.0727838961557 0.00314252240407
62.751261334 0.0733035235743 0.0032153917714
62.9097038339 0.0740386980994 0.00332633427041
63.0674237322 0.0746922052252 0.00330440435425
63.2228029494 0.0756056815964 0.00342416703916
63.3798737744 0.0760575503787 0.00356615216299
63.5388253773 0.0770440400642 0.00349291057737
63.695839971 0.0778758466892 0.00368921432543
63.8506931558 0.0785238830548 0.00367111329897
64.0083929989 0.0792187191802 0.00363708379237
64.1680954367 0.0802415939758 0.00386098637869
64.3236878351 0.081224137983 0.00371728335728
64.4778131327 0.0822060279246 0.00384055078738
64.636887403 0.0832851218118 0.00390769679628
64.7962548762 0.084425002462 0.00402628994501
64.951483037 0.0856780107204 0.00429556420755
65.1074289973 0.0867377148747 0.00402535996686
65.2668624378 0.0880932175725 0.00434737094416
65.4233208546 0.0893254896956 0.00434858992046
65.5752136255 0.0911235817167 0.00469940630111
65.7349382737 0.0920140811368 0.00476027453496
65.8977643927 0.0934246055272 0.00499033626154
66.0507446561 0.0952699172172 0.00480518574025
66.2009878048 0.0967806856703 0.0054741612913
66.3635240574 0.0982467076554 0.00535971040134
66.5295070644 0.100296968945 0.00532484423888
66.6798786865 0.102294444829 0.00583684119846
66.8272725251 0.103687271697 0.00581557559307
66.9932941111 0.105607157736 0.00634471160741
67.1616732756 0.10805778745 0.00634583305593
67.3049589117 0.110390882302 0.00650403851639
67.4491169303 0.112673650488 0.00630254436182
67.6222984842 0.115418589224 0.00650950191909
67.7955065787 0.117882166902 0.00676197331069
67.9274475847 0.120114893609 0.00865597089669
68.069661165 0.12228692772 0.00788031021679
68.2486961717 0.125141685612 0.00817552341633
68.4266321951 0.128860683315 0.00924938437031
68.5622050977 0.131511811555 0.00984308380429
68.6968329593 0.133251913655 0.0108951718862
68.8760784586 0.139916827322 0.0129043615713
69.0549836093 0.143496628006 0.0159744048352
69.1973197047 0.14543805841 0.0217100008224
69.3207995617 0.149438600137 0.0304193775802
69.491395293 0.155244182764 0.0669981343294
69.6498955866 0.138510762349 0.174735742651
