0.444982061235 81.541166908 2.63792775829
0.753956108253 30.3566041886 2.49349232871
1.07239509323 17.3106982935 1.69546500655
1.39183038824 11.8419871784 1.24795058094
1.7175498929 8.94650828331 1.15894224942
2.02394338071 7.27533470325 0.958917339751
2.33835834179 6.05815795789 0.792059654889
2.65411255088 5.21841329461 0.690636497248
2.97268122047 4.59236565431 0.606925236605
3.28811240729 4.11357550388 0.543029316424
3.59831645335 3.70582687987 0.445173954928
3.91393045784 3.38110727092 0.385332511261
4.23519947292 3.09450959007 0.336915424917
4.54842731026 2.83779827806 0.298677537708
4.86039488842 2.61884823478 0.281085523541
5.1738151948 2.42917339841 0.231848263037
5.48788222127 2.25741612646 0.213633630309
5.8027154239 2.10476698274 0.187255492023
6.11834833269 1.94964172906 0.179420787262
6.43408631545 1.8207377154 0.152992843747
6.74750400832 1.70499921368 0.142483367915
7.05974779421 1.5965328514 0.124337545859
7.37566787874 1.49499953612 0.116112436513
7.68932537126 1.4038925711 0.105753902003
8.00328772026 1.31930899406 0.0991951831888
8.31995584344 1.23989561767 0.0873133015091
8.63597822888 1.17161890627 0.0798812082448
8.94882606689 1.10314568386 0.0705293632994
9.26176845324 1.0406292987 0.0655991586124
9.57403393671 0.985448502642 0.0591411636676
9.88944934326 0.930997955694 0.0559726813399
10.2046886772 0.88081413706 0.0496148999029
10.519696513 0.835256409905 0.0483558479601
10.8345485491 0.79174131603 0.0429131133088
11.1485014061 0.75234076249 0.0393798411215
11.4631001354 0.714149330951 0.0377604988587
11.7757075418 0.68185468133 0.0353924949108
12.0895529191 0.64849241654 0.0318148942265
12.4042826972 0.618073961343 0.0301368373295
12.7174612844 0.590298848557 0.0286798879889
13.0316712594 0.562906001614 0.0261382307514
13.3462868545 0.537672269385 0.0253486336814
13.6621167157 0.515981642829 0.0245183786039
13.9776484004 0.493191386612 0.0226047576088
14.2918314616 0.472339344574 0.0209170471136
14.604381357 0.452325355256 0.0192027308617
14.9172492222 0.434925206565 0.0186286125076
15.231913197 0.417546394859 0.017182458383
15.546395635 0.401079298014 0.0158437156112
15.8608408581 0.385751753175 0.0152005847676
16.1759378397 0.371092009471 0.0150955255335
16.4908410878 0.357186798636 0.0145684232479
16.8058821473 0.34429196994 0.0132792242548
17.1185018785 0.33231126717 0.0124310460931
17.4323909633 0.319870471082 0.0120394868635
17.7470580721 0.30902205459 0.0117285817643
18.0595846771 0.297879960995 0.0107267685192
18.3738354478 0.287942180666 0.0107252702863
18.6882389764 0.278443563463 0.0101110681095
19.0032701574 0.268843981299 0.00959464159832
19.3176993063 0.260212381235 0.0088162262374
19.6307009068 0.252061734336 0.0086681190496
19.9463225016 0.24428322926 0.00878873643703
20.2603662229 0.236939511143 0.00867344501355
20.5745823879 0.229528779725 0.00803423501124
20.8890713606 0.222762566235 0.00773659817127
21.2020032436 0.216234392559 0.00764261390723
21.5171284514 0.209723155724 0.00728899214837
21.8317928013 0.20371120588 0.00708797111994
22.1449809161 0.198008762518 0.00666232419089
22.4581720926 0.192456139272 0.00656980563649
22.7720707313 0.187072029156 0.00643356269192
23.0881723515 0.182136860332 0.00610242521957
23.4032212101 0.177470885868 0.00586278097311
23.7174262138 0.172380356764 0.0056355397259
24.0317806841 0.168147967702 0.00539570391448
24.3450962919 0.163814869476 0.00538309308827
24.658485498 0.159729426738 0.00498875888876
24.9725337357 0.155687809469 0.00473200836403
25.2857952567 0.151965706854 0.00466447256489
25.5996199813 0.148231691808 0.00452175156925
25.9156304888 0.144747228225 0.00439497263623
26.2304481901 0.141241218927 0.00431302854236
26.5437865424 0.137835569043 0.00428117894614
26.8578676397 0.134639537005 0.00427345391703
27.1728978189 0.131556814568 0.00412941217262
27.487153262 0.1286330471 0.00388615202492
27.7996871375 0.125692537186 0.00373300148154
28.114273383 0.122849822287 0.00353242850779
28.4300576861 0.120340231648 0.00349045731688
28.7440229471 0.117627872585 0.00336978426348
29.0577510517 0.115283452714 0.00337188186562
29.3719724833 0.112783599703 0.00325968499012
29.6858811015 0.11056085036 0.00317975336429
29.999859774 0.108460289414 0.00303131621188
30.3133955756 0.106334176895 0.00302101605991
30.6273478822 0.104262997414 0.00290685071529
30.9423886652 0.102271421906 0.00289098881512
31.2565528372 0.100374460378 0.00278628600934
31.5701372519 0.0984883558389 0.00276461805887
31.8850178137 0.0967433243574 0.00262424765438
32.1992889166 0.0950498805885 0.00259089467795
32.5134270858 0.093496792914 0.00258030911196
32.8279305885 0.0919361352672 0.00256266672086
33.1418464118 0.0904798905092 0.00259784291828
33.4559272248 0.0889827659489 0.00248069596637
33.7703509929 0.0876930132576 0.00246656771739
34.084177573 0.086410671756 0.00241024918291
34.3979626693 0.0851281193536 0.00238218016589
34.7117215852 0.0839354743185 0.00237307104214
35.0258770122 0.0828039515277 0.00232771342622
35.340624783 0.0817528121066 0.00236937757147
35.6550950484 0.0807230690926 0.00232726742511
35.9695912559 0.0798610238167 0.00236493360675
36.284169038 0.0789732999213 0.00236777154104
36.5982634135 0.0781169307072 0.00231201318423
36.9125399524 0.0774909400257 0.00228929267904
37.2263292106 0.0767977031184 0.00230179256434
37.5393555097 0.0762142032609 0.00230839451186
37.8537923266 0.0756402384028 0.00235514532237
38.168206168 0.0751738341063 0.00238063013516
38.4823147993 0.0748234971999 0.00236193641683
38.7969743259 0.0744972335415 0.00239832352146
39.1116457099 0.0743220702936 0.00241706602612
39.4265746826 0.0741474237449 0.00244750431118
39.7394828349 0.0741114800786 0.00241177891247
40.052455483 0.0741227765262 0.00246899863911
40.3668083507 0.0737267110642 0.00246668071109
40.6811249752 0.0729313612718 0.00248807329094
40.995751754 0.0721561871678 0.00246710361477
41.3096594336 0.0712798544486 0.00245267505649
41.624374418 0.0705936539071 0.00247391189888
41.9396656192 0.0697048394808 0.00241626943215
42.2529434268 0.0690239424629 0.00242703970527
42.5661527361 0.0682847146865 0.00239280093543
42.8806987697 0.0677313747704 0.00241066414814
43.1950639894 0.0669913709856 0.00235517267702
43.5088587302 0.0663315065435 0.00235596373504
43.8227880285 0.065824688303 0.00236252774208
44.1372890265 0.0652595445321 0.00236284740959
44.451399677 0.0647328539114 0.00237591640899
44.7649485745 0.0640725605296 0.0023866276341
45.0793572246 0.0636696708775 0.00238404364292
45.3936892085 0.0632892174682 0.00239676055961
45.7080847666 0.0627628319683 0.00239389616495
46.0225118567 0.0623280445765 0.00238583023223
46.3367793808 0.0619993824906 0.00240768161409
46.651499725 0.0616418193095 0.0024282503941
46.9656149642 0.0612787635382 0.00241032653169
47.2790506902 0.0609919513962 0.00241842286739
47.5928826211 0.0607310657294 0.00243078627183
47.9065814921 0.060447075641 0.00244399634019
48.2213066273 0.0603082493845 0.00252491058619
48.5362031881 0.0600708341454 0.00247151847983
48.8497085553 0.0600031314266 0.00256300279431
49.1635698613 0.0598411683174 0.00262313766912
49.4773066746 0.0596802657097 0.00267065275638
49.791506161 0.0597013321744 0.00272382975896
50.1063348448 0.0597161686217 0.00274734490335
50.4196183885 0.0596160650258 0.00279117010828
50.7337668134 0.0596686758097 0.00277474318412
51.0489601979 0.0598489899297 0.00290906013251
51.3622326387 0.0599278991544 0.00289372847315
51.6764924337 0.0601060545681 0.00300459097286
51.992161581 0.0602950121459 0.00297961295963
52.3060124529 0.0605242102176 0.00307538729069
52.6186881089 0.0608532219611 0.0031117210495
52.9321075184 0.0609511608913 0.00308406737302
53.2474273112 0.0615676122849 0.00315270033809
53.5615272056 0.0617760968152 0.00322031719184
53.8747816762 0.0622170364705 0.00336879177464
54.1894184427 0.0625125799562 0.00345538754007
54.5046873064 0.062886580707 0.00354403432138
54.8179104842 0.063685292673 0.0036256887861
55.1316220819 0.0635833449431 0.00355985768721
55.4459442057 0.0643443146429 0.00364368623999
55.7594583573 0.064332735502 0.0037416205644
56.0726546241 0.0645314386073 0.00381688425293
56.3866649517 0.064254320754 0.00379716308307
56.7012209102 0.0638794798758 0.00381847493765
57.0157733637 0.063564665384 0.00379192362987
57.3293258038 0.0630269629412 0.00386221859869
57.6429412487 0.0626995070981 0.0039003098189
57.9576287751 0.0628598468155 0.00395174075286
58.2715760175 0.06287260521 0.00391187610483
58.5843505741 0.0631368689759 0.00403536494327
58.9000125018 0.0630921808681 0.00406004942853
59.2166783662 0.0635820316335 0.00421918821865
59.5294659069 0.0640401517245 0.0043518902882
59.8411982857 0.0643411273317 0.00442407362256
60.1585838779 0.0646573942189 0.00458626282992
60.4748544316 0.0655332123891 0.00479606802817
60.7837371996 0.0661262446214 0.00491334007328
61.0991495208 0.0665468658702 0.00479878030496
61.4189066461 0.0674049827361 0.00509428118794
61.731083087 0.0681401696669 0.00532746812317
62.0384137901 0.0694693934029 0.0054548879477
62.3539507357 0.0698459504617 0.00578354671287
62.6740924081 0.071132501687 0.00586286010804
62.9862305661 0.0728590059474 0.0061798260057
63.2973914275 0.0738454187017 0.00657953629415
63.615431447 0.07524928743 0.00700069839197
63.9316158295 0.0769048297326 0.00720196159586
64.236910978 0.078831592053 0.00706974327982
64.5493147325 0.0803984648824 0.00722815279401
64.8775837328 0.0827556727566 0.00749782681539
65.194876059 0.0851312928575 0.00807700107075
65.4835084149 0.0877153992156 0.00829763592716
65.7941573876 0.0902805514582 0.00888054265049
66.135288993 0.0940058227419 0.0096923871477
66.4610321881 0.0977241109864 0.00989202225914
66.7314167631 0.101060603298 0.0102523233367
67.0401563778 0.104248862892 0.0110186574722
67.3951965419 0.109555337851 0.0136722197178
67.7398461626 0.11467129896 0.0137398332326
67.9965280161 0.118507906195 0.0143393558633
68.285075811 0.123910472937 0.0192739424034
68.6405186792 0.132537307199 0.0223586942864
68.9927680867 0.14135782896 0.03184314495
69.2880853372 0.152801427849 0.0507415276255
69.5142158157 0.138974363772 0.0531528903912
