0.444982061235 79.0829920668 22.4929694553
0.753956108253 31.0874286779 7.00524685361
1.07239509323 17.0116523554 3.79982133663
1.39183038824 11.8609006899 2.75257532137
1.7175498929 8.92694205253 2.13937944053
2.02394338071 7.07674338027 1.81024016979
2.33835834179 5.9110112173 1.53399547444
2.65411255088 5.09251505364 1.35926256773
2.97268122047 4.49212394229 1.20348026818
3.28811240729 3.99021549024 1.08577216085
3.59831645335 3.60612324383 0.945266905738
3.91393045784 3.26892295841 0.866213754992
4.23519947292 2.97846728513 0.801738428915
4.54842731026 2.75068641922 0.734815499643
4.86039488842 2.53987465395 0.63622829865
5.1738151948 2.35541328201 0.583377350845
5.48788222127 2.17172658889 0.532549767913
5.8027154239 2.01996884731 0.472445973422
6.11834833269 1.88695426243 0.433580630873
6.43408631545 1.75388692571 0.395157718281
6.74750400832 1.65054113274 0.352749300795
7.05974779421 1.54563866412 0.330063083132
7.37566787874 1.44936043099 0.292698436181
7.68932537126 1.36093775722 0.262248357352
8.00328772026 1.27586465711 0.236217332885
8.31995584344 1.20150834572 0.222207603534
8.63597822888 1.12929793483 0.202881483764
8.94882606689 1.06449211908 0.18547368176
9.26176845324 1.00601477026 0.17559026215
9.57403393671 0.954258485235 0.158795307897
9.88944934326 0.9026322282 0.144056148293
10.2046886772 0.852430897384 0.130928138527
10.519696513 0.810751074327 0.127236648531
10.8345485491 0.766180372984 0.115813794215
11.1485014061 0.726728292092 0.107378902277
11.4631001354 0.691084489034 0.100952616763
11.7757075418 0.658155349466 0.0924941549754
12.0895529191 0.627467089221 0.0878283366107
12.4042826972 0.599351389037 0.0812143465534
12.7174612844 0.571739156231 0.0770596456366
13.0316712594 0.544380745251 0.0722053194864
13.3462868545 0.522760216606 0.0671334889856
13.6621167157 0.50061078905 0.0629842409401
13.9776484004 0.479948085426 0.060767715711
14.2918314616 0.459677546463 0.0578709002484
14.604381357 0.442169163006 0.054945447845
14.9172492222 0.424517600546 0.0525612878575
15.231913197 0.407070976624 0.049367673783
15.546395635 0.391975238273 0.0465987744118
15.8608408581 0.376614381245 0.0442593787745
16.1759378397 0.362315912356 0.0423356280494
16.4908410878 0.348903217236 0.0402001248606
16.8058821473 0.336333148525 0.0389157379386
17.1185018785 0.324592926814 0.0372456425069
17.4323909633 0.313336885952 0.0354310433447
17.7470580721 0.303107248059 0.0337399839162
18.0595846771 0.293075943314 0.0315650113318
18.3738354478 0.283162981892 0.0304909342102
18.6882389764 0.273886421138 0.0291885481256
19.0032701574 0.265032935973 0.0279729219662
19.3176993063 0.256508606967 0.0266096883397
19.6307009068 0.248403089364 0.0253516278706
19.9463225016 0.24118249154 0.0246624938367
20.2603662229 0.234153962422 0.0238980636135
20.5745823879 0.226602941283 0.0229323
20.8890713606 0.21977810435 0.0216174903381
21.2020032436 0.213845935929 0.0213528336869
21.5171284514 0.207548419051 0.0200680888535
21.8317928013 0.201764207976 0.0190025695641
22.1449809161 0.195709866994 0.0185708093837
22.4581720926 0.190629244065 0.0178741192743
22.7720707313 0.185598683516 0.0175105020245
23.0881723515 0.180746437674 0.0167066263911
23.4032212101 0.175977132202 0.0162926199747
23.7174262138 0.171371173939 0.0155521352856
24.0317806841 0.166623308931 0.0151620936268
24.3450962919 0.162710463313 0.0144848636129
24.658485498 0.158550546399 0.0142598433769
24.9725337357 0.154796795645 0.0134967527956
25.2857952567 0.150984642286 0.0128762293314
25.5996199813 0.147172755331 0.0125600379294
25.9156304888 0.143678073647 0.012073141037
26.2304481901 0.140367606656 0.0117363629278
26.5437865424 0.13702783749 0.011371019453
26.8578676397 0.133891680721 0.0109964235181
27.1728978189 0.130776621871 0.0108170336676
27.487153262 0.128018031231 0.0104073419091
27.7996871375 0.125321309897 0.0100524892119
28.114273383 0.122478343142 0.00999623774136
28.4300576861 0.12003300553 0.00986118281619
28.7440229471 0.117445883625 0.00955265295133
29.0577510517 0.114998965469 0.00936724924921
29.3719724833 0.112575506941 0.00929991194206
29.6858811015 0.110449020067 0.0090283594791
29.999859774 0.108274225818 0.0088084024377
30.3133955756 0.106147929702 0.00862444637062
30.6273478822 0.104079693906 0.00840554988621
30.9423886652 0.102297356467 0.00807721622601
31.2565528372 0.100210654346 0.00795949151748
31.5701372519 0.0984640562745 0.00781326367963
31.8850178137 0.0966114608247 0.00767277666477
32.1992889166 0.0949191362128 0.00747620890332
32.5134270858 0.0934179513883 0.00736652981947
32.8279305885 0.0918764463477 0.00711094706172
33.1418464118 0.0904453507785 0.0070594129663
33.4559272248 0.0890516410706 0.00690777721652
33.7703509929 0.0876589799877 0.00668991394434
34.084177573 0.0863070782313 0.00662978128344
34.3979626693 0.0850195595418 0.00660751623779
34.7117215852 0.0839434133795 0.00648886499204
35.0258770122 0.082837976461 0.00635804999626
35.340624783 0.0817208297272 0.00629166734923
35.6550950484 0.080759253827 0.00614125727626
35.9695912559 0.0798119900738 0.00607332378949
36.284169038 0.0790264648733 0.00603916381251
36.5982634135 0.0781863297579 0.00593136027396
36.9125399524 0.0775413284609 0.00588480660088
37.2263292106 0.076899555165 0.00580477875793
37.5393555097 0.0762397344992 0.00580578751429
37.8537923266 0.075691246039 0.00572612565425
38.168206168 0.0753321372811 0.0056595900717
38.4823147993 0.0749274815367 0.00567438171086
38.7969743259 0.0745796390333 0.0056759719467
39.1116457099 0.0744431551082 0.00570734158551
39.4265746826 0.0742016790043 0.00559903512651
39.7394828349 0.0741987249995 0.005645159256
40.052455483 0.0741920761306 0.00563664781071
40.3668083507 0.07385521805 0.00561418293277
40.6811249752 0.0729223070179 0.00550753633304
40.995751754 0.0721668997871 0.00549827247132
41.3096594336 0.071292839154 0.00537646554609
41.624374418 0.0707181010747 0.00535774287923
41.9396656192 0.0698110834037 0.00528791094914
42.2529434268 0.0691303687569 0.0052167325525
42.5661527361 0.0683744475736 0.00513897227373
42.8806987697 0.067806864417 0.00509737446904
43.1950639894 0.0671053725603 0.00504253587603
43.5088587302 0.0664891862696 0.00501654920464
43.8227880285 0.0659579263862 0.00500249628755
44.1372890265 0.0653487113783 0.00487290545094
44.451399677 0.064841232431 0.00489916829949
44.7649485745 0.0642202562108 0.00487854111433
45.0793572246 0.0637747370354 0.00480438374451
45.3936892085 0.0633018726846 0.00482358086196
45.7080847666 0.0627655592105 0.00479682063994
46.0225118567 0.0623513313756 0.00478354073397
46.3367793808 0.062031045536 0.00470727888031
46.651499725 0.0616282059976 0.00473908509204
46.9656149642 0.0612915259719 0.00472824855343
47.2790506902 0.0610247989738 0.00472509970197
47.5928826211 0.0608021159247 0.00471377649384
47.9065814921 0.0605497992368 0.00472320853062
48.2213066273 0.0604017687899 0.00466951163959
48.5362031881 0.0600799517957 0.00475911973845
48.8497085553 0.059987629175 0.00471565523053
49.1635698613 0.0598998961092 0.00472093111956
49.4773066746 0.059781233279 0.00472874654895
49.791506161 0.0597714633513 0.00474442029992
50.1063348448 0.059774262164 0.00472855720028
50.4196183885 0.0597399374091 0.00478718457318
50.7337668134 0.0597758612751 0.00484489646376
51.0489601979 0.0598637662583 0.00494235977476
51.3622326387 0.060062134667 0.00509087252459
51.6764924337 0.0603284705229 0.00513496587922
51.992161581 0.0604931520285 0.00512341288447
52.3060124529 0.0608235884889 0.0052578740031
52.6186881089 0.0611599161327 0.00527212768961
52.9321075184 0.0612929490275 0.00540769585938
53.2474273112 0.0618412307879 0.00542677140572
53.5615272056 0.0620669766411 0.00547792311
53.8747816762 0.0625701400263 0.00565110665216
54.1894184427 0.0628904605226 0.00580199100048
54.5046873064 0.0632142093983 0.00583254882519
54.8179104842 0.0640797741747 0.00588150841971
55.1316220819 0.0640422470099 0.00601497590668
55.4459442057 0.064825928925 0.00615778713329
55.7594583573 0.0647515742255 0.00619781263217
56.0726546241 0.0650361031552 0.00617419139044
56.3866649517 0.0645664141274 0.00619304904445
56.7012209102 0.0641429049457 0.00624741126162
57.0157733637 0.0637982164773 0.00619052926625
57.3293258038 0.0632807392295 0.00617349353667
57.6429412487 0.0630117913324 0.00604851622672
57.9576287751 0.063236858703 0.00619931996847
58.2715760175 0.0631188819216 0.00633688558327
58.5843505741 0.0633395519783 0.00623900320837
58.9000125018 0.0634692710243 0.00638717763795
59.2166783662 0.0638739648823 0.00644344191068
59.5294659069 0.0643268556328 0.00678492365886
59.8411982857 0.0645345256867 0.00672149901077
60.1585838779 0.064934071244 0.00708701109836
60.4748544316 0.0657835625373 0.00706343993138
60.7837371996 0.0662907292791 0.00739704317905
61.0991495208 0.0666882663449 0.00736428333106
61.4189066461 0.0677056535689 0.00782965626779
61.731083087 0.0685840864238 0.00804028336949
62.0384137901 0.0698611815513 0.00864326435658
62.3539507357 0.070486060475 0.00892112009898
62.6740924081 0.0717173106317 0.00956448963755
62.9862305661 0.072956165175 0.00993953024043
63.2973914275 0.0744400010774 0.0102123883
63.615431447 0.0758953689793 0.0105239186608
63.9316158295 0.0774987945094 0.0109553436044
64.236910978 0.0788763550795 0.0114570789327
64.5493147325 0.0805495403929 0.0118251710697
64.8775837328 0.0829090241101 0.012894390147
65.194876059 0.08550006263 0.0134740817283
65.4835084149 0.0885278619036 0.0141974460285
65.7941573876 0.0909544110988 0.0145252831194
66.135288993 0.0941805608076 0.0161590798703
66.4610321881 0.0970122415723 0.0167241901006
66.7314167631 0.100013291054 0.0185323182792
67.0401563778 0.103447806081 0.0194733169546
67.3951965419 0.10899491993 0.0204472702312
67.7398461626 0.11262135881 0.0220544007215
67.9965280161 0.115291589549 0.0232531782134
68.285075811 0.125491254115 0.0276370199757
68.6405186792 0.127327901006 0.0291459645755
68.9927680867 0.131894925183 0.0346815870528
69.2880853372 0.141306328064 0.0536944905512
69.5142158157 0.138403566992 0.0936793792176
