0.444982061235 29.9352481619 8.08728401721
0.753956108253 10.3102702291 1.90688569629
1.07239509323 5.02301807418 0.610450587086
1.39183038824 3.11320597954 0.432081971411
1.7175498929 2.10060007424 0.266116127067
2.02394338071 1.56400020552 0.218607795646
2.33835834179 1.21340317777 0.160927670478
2.65411255088 0.989950123893 0.143005797188
2.97268122047 0.829821145108 0.122223852718
3.28811240729 0.703625715673 0.113729335411
3.59831645335 0.610732202542 0.102819366792
3.91393045784 0.540289386917 0.0918667350627
4.23519947292 0.482263366287 0.0840622309304
4.54842731026 0.430987040209 0.075424260015
4.86039488842 0.394767188492 0.0698841453386
5.1738151948 0.358223312693 0.0656590865527
5.48788222127 0.332666417006 0.062276278138
5.8027154239 0.310951300073 0.0601727999537
6.11834833269 0.288270237105 0.0556443532436
6.43408631545 0.271254764617 0.0523024610857
6.74750400832 0.255004491648 0.0495783504677
7.05974779421 0.23969322774 0.0454467816097
7.37566787874 0.22574969849 0.0416146197959
7.68932537126 0.213203306458 0.0402899475299
8.00328772026 0.202263455257 0.0376343866753
8.31995584344 0.192840068887 0.0353647826584
8.63597822888 0.1834495358 0.0333828905245
8.94882606689 0.175326121834 0.0319999656076
9.26176845324 0.167799782448 0.0296222925062
9.57403393671 0.159517036553 0.0279104369405
9.88944934326 0.152633052951 0.0259844223573
10.2046886772 0.146401420033 0.0245820411156
10.519696513 0.140922333073 0.0233379117266
10.8345485491 0.13571913804 0.0226548137497
11.1485014061 0.130515494394 0.0210230377442
11.4631001354 0.125647353423 0.0197897868118
11.7757075418 0.120798306666 0.018984232612
12.0895529191 0.116565671245 0.0176827618689
12.4042826972 0.112499083951 0.0168165236317
12.7174612844 0.108370526318 0.0158372781061
13.0316712594 0.104637704262 0.0150028332108
13.3462868545 0.101472106532 0.0141547840616
13.6621167157 0.0979269602812 0.0132167186192
13.9776484004 0.0948541780047 0.0126111678741
14.2918314616 0.0915868281431 0.0120260659367
14.604381357 0.088909904177 0.0114714797463
14.9172492222 0.0860960993242 0.0108108471559
15.231913197 0.0834899170627 0.0104357751949
15.546395635 0.0812462194995 0.0101399901821
15.8608408581 0.0786689748443 0.00968001108657
16.1759378397 0.0764011803797 0.00910403107317
16.4908410878 0.0740010491139 0.00873170563897
16.8058821473 0.0719060022588 0.00849194105784
17.1185018785 0.0698260954418 0.00791435499516
17.4323909633 0.0679027601262 0.00759159213479
17.7470580721 0.0658526969255 0.00733411293959
18.0595846771 0.0641215728214 0.00690032884961
18.3738354478 0.0624085919416 0.00649445372116
18.6882389764 0.0606707986776 0.00638760323735
19.0032701574 0.0591246667032 0.00600270695323
19.3176993063 0.0574753409115 0.00591445112867
19.6307009068 0.0560312996296 0.0056391803314
19.9463225016 0.0545622908804 0.00545837711024
20.2603662229 0.0532460409468 0.00522578483914
20.5745823879 0.0518425318682 0.0050304516214
20.8890713606 0.0505577519621 0.00489476930466
21.2020032436 0.0492919402954 0.00464522578633
21.5171284514 0.0480723892753 0.0044384629787
21.8317928013 0.0469047429353 0.00441095256647
22.1449809161 0.0457950084377 0.00421280031408
22.4581720926 0.0447612311187 0.00401703291
22.7720707313 0.0437171418592 0.00386878905609
23.0881723515 0.0426975171851 0.00376305946325
23.4032212101 0.0417247227627 0.00360183149061
23.7174262138 0.0407442338891 0.00349441939523
24.0317806841 0.0398179268812 0.00338062854276
24.3450962919 0.0389004671389 0.0031774293725
24.658485498 0.0380116044041 0.00319877716893
24.9725337357 0.0372019252854 0.00305297891406
25.2857952567 0.0364381046669 0.00295421335119
25.5996199813 0.035663826349 0.00286860463846
25.9156304888 0.0348952546908 0.00279542069537
26.2304481901 0.0341685557161 0.00272165870282
26.5437865424 0.0334684707379 0.00259147181604
26.8578676397 0.0328338178455 0.00249821436488
27.1728978189 0.0321324808248 0.00242686955261
27.487153262 0.0314732541979 0.0023787792293
27.7996871375 0.0308537069081 0.00225167312971
28.114273383 0.030243180177 0.00219324076682
28.4300576861 0.0296657974629 0.00216283789872
28.7440229471 0.0291484635691 0.0020907415108
29.0577510517 0.02860161803 0.00204797389108
29.3719724833 0.0280984393075 0.00200524303087
29.6858811015 0.0275878466774 0.00195018275277
29.999859774 0.0271077257864 0.00188609334933
30.3133955756 0.0266490461829 0.00183235243667
30.6273478822 0.0262109705 0.00178135703236
30.9423886652 0.025776052962 0.00172009522796
31.2565528372 0.025352374065 0.00168578459109
31.5701372519 0.0249611793534 0.00165990316065
31.8850178137 0.024565618198 0.00164499281144
32.1992889166 0.0241727689776 0.00162003982041
32.5134270858 0.0238376356641 0.00155794963587
32.8279305885 0.0234549026616 0.00153392419164
33.1418464118 0.0231252307234 0.00151088148038
33.4559272248 0.0228250761788 0.00147311782399
33.7703509929 0.0225069437142 0.00144466009876
34.084177573 0.0222040078659 0.00140675425644
34.3979626693 0.0219443365374 0.00139477318776
34.7117215852 0.0216664710613 0.00135398024303
35.0258770122 0.0214383999984 0.00134039311679
35.340624783 0.0212011806854 0.00130362756909
35.6550950484 0.0210003211268 0.00129664997072
35.9695912559 0.0207997259741 0.00128989188793
36.284169038 0.0206024597821 0.00127476875364
36.5982634135 0.0204403456492 0.00125479908592
36.9125399524 0.0203042063215 0.00123691244605
37.2263292106 0.020168454446 0.00122100256893
37.5393555097 0.020061306379 0.00119704241185
37.8537923266 0.0199558803129 0.00119911248616
38.168206168 0.0198672205341 0.00119824956933
38.4823147993 0.0198166183493 0.00118522630051
38.7969743259 0.0197541837699 0.0011737886728
39.1116457099 0.0197353404391 0.00117376708539
39.4265746826 0.0197296728285 0.00116964225874
39.7394828349 0.0197501294462 0.00118670548046
40.052455483 0.019774627811 0.00118219795256
40.3668083507 0.0196969001974 0.00117034833732
40.6811249752 0.0194731083086 0.00116774107926
40.995751754 0.0192735793682 0.00114457649608
41.3096594336 0.0190384406806 0.00113376634112
41.624374418 0.0188804874629 0.00111055932909
41.9396656192 0.018690629852 0.00111038257122
42.2529434268 0.0185106860747 0.0010921615624
42.5661527361 0.0183366651275 0.00108638293484
42.8806987697 0.0181895786929 0.00107206710712
43.1950639894 0.018032361633 0.00106975645782
43.5088587302 0.0178435605705 0.00104880010822
43.8227880285 0.0177187619139 0.00103595388312
44.1372890265 0.0175868489418 0.00101361963465
44.451399677 0.0174635460948 0.00100715090628
44.7649485745 0.0173206411117 0.0010024984199
45.0793572246 0.0172152867555 0.000993544737365
45.3936892085 0.0171303882981 0.000985745192319
45.7080847666 0.016995292793 0.000983560511437
46.0225118567 0.0169069201292 0.000980309400218
46.3367793808 0.0168526902627 0.000953770184028
46.651499725 0.0167486058192 0.000940943386732
46.9656149642 0.0166885395767 0.00093039695807
47.2790506902 0.0165956245773 0.000955444540203
47.5928826211 0.0165552993736 0.000943858610302
47.9065814921 0.0165239790159 0.000938511088401
48.2213066273 0.0164807364876 0.000955708560736
48.5362031881 0.0164351260506 0.000927590478091
48.8497085553 0.0164396804395 0.000953310149849
49.1635698613 0.0164361539889 0.000955477977275
49.4773066746 0.0164081890226 0.000939190929173
49.791506161 0.0164169503176 0.000927754100641
50.1063348448 0.016464059149 0.000947936891579
50.4196183885 0.0164757885076 0.000973376473027
50.7337668134 0.0164911929339 0.000984996283529
51.0489601979 0.0165485736022 0.00097670788351
51.3622326387 0.0166025953429 0.000977913696285
51.6764924337 0.0167014603366 0.00100106336916
51.992161581 0.0167595777151 0.00100963332886
52.3060124529 0.0168553679759 0.00100208605237
52.6186881089 0.0169628014355 0.00102058873662
52.9321075184 0.0170262306584 0.00102661928191
53.2474273112 0.0172103355481 0.00103253531932
53.5615272056 0.0173025241166 0.00106155362097
53.8747816762 0.0174388838675 0.00106750697588
54.1894184427 0.0175496239003 0.0010779683467
54.5046873064 0.0176368206216 0.00109324278613
54.8179104842 0.0178940891913 0.00110195299026
55.1316220819 0.0178157321755 0.00113066590465
55.4459442057 0.0180600855894 0.00113681970564
55.7594583573 0.0180686771884 0.00114534766714
56.0726546241 0.0181688812499 0.00119195502282
56.3866649517 0.0180765159243 0.00118851058332
56.7012209102 0.0179540982737 0.00119924116712
57.0157733637 0.0179043504855 0.00119680413313
57.3293258038 0.0177624297319 0.00119446905744
57.6429412487 0.0176657056861 0.00118162627061
57.9576287751 0.0177732754061 0.00121248608157
58.2715760175 0.0177850706487 0.00119180459051
58.5843505741 0.0178473772176 0.00120728025234
58.9000125018 0.0178973970781 0.00128077920514
59.2166783662 0.0180095559243 0.00123865106734
59.5294659069 0.0181558276303 0.00128143780437
59.8411982857 0.0182215132398 0.00131138988271
60.1585838779 0.0183591054459 0.00132039238213
60.4748544316 0.0186230262285 0.00133019318505
60.7837371996 0.0188125126313 0.00140171031477
61.0991495208 0.0189601556954 0.00134512181593
61.4189066461 0.0192542315598 0.00132043832254
61.731083087 0.0195446605305 0.00145870799869
62.0384137901 0.0198527895233 0.00151596709378
62.3539507357 0.0200725313634 0.00144861005819
62.6740924081 0.0204651621548 0.00146016635256
62.9862305661 0.0208701236216 0.00158963230501
63.2973914275 0.021329990987 0.00162645806544
63.615431447 0.0216561227943 0.00169063244551
63.9316158295 0.0223167005761 0.00178158697869
64.236910978 0.0227848871166 0.00190451883928
64.5493147325 0.0233433298256 0.00206974153502
64.8775837328 0.0240169833194 0.0020305872326
65.194876059 0.0248944324314 0.0022314974189
65.4835084149 0.025714366673 0.00216105579331
65.7941573876 0.0263428525203 0.00252846425351
66.135288993 0.0273073349085 0.00256748138933
66.4610321881 0.0282195323223 0.00253396578014
66.7314167631 0.0293084269442 0.00292763409909
67.0401563778 0.0300127489946 0.00318743795596
67.3951965419 0.0314429326831 0.00306384664897
67.7398461626 0.0332143763262 0.00353774314913
67.9965280161 0.0346700146332 0.0042544759
68.285075811 0.0362587803644 0.00526166009635
68.6405186792 0.0382944298148 0.0056034367691
68.9927680867 0.0392890734811 0.00870043234517
69.2880853372 0.0405524605514 0.0145806669554
69.5142158157 0.0498717307682 0.0332416790014
