0.444982061235 46.0716619683 12.6664941111
0.753956108253 16.6514015891 3.2932252646
1.07239509323 8.48071087412 1.3010179225
1.39183038824 5.52938872751 0.913358339416
1.7175498929 3.8890602249 0.635649734661
2.02394338071 2.97830054027 0.554375958174
2.33835834179 2.39732147589 0.427388676848
2.65411255088 2.02253302373 0.401507404593
2.97268122047 1.74477157693 0.346459224133
3.28811240729 1.51341155476 0.302190328188
3.59831645335 1.34054280314 0.288148687801
3.91393045784 1.20864921342 0.258983184328
4.23519947292 1.09708580144 0.242202545147
4.54842731026 1.00084209928 0.217311258718
4.86039488842 0.923299281234 0.197623119384
5.1738151948 0.85704477813 0.187938078518
5.48788222127 0.79325311964 0.17376040544
5.8027154239 0.737845663678 0.153162925278
6.11834833269 0.688958113061 0.145258662132
6.43408631545 0.647604793495 0.134056867268
6.74750400832 0.611062627821 0.122998319643
7.05974779421 0.576946727884 0.111567913068
7.37566787874 0.546717238555 0.102622113986
7.68932537126 0.516972529728 0.0956303282738
8.00328772026 0.488455657756 0.0896226419841
8.31995584344 0.465388788736 0.0824024079742
8.63597822888 0.441921037107 0.0774977477725
8.94882606689 0.42103871133 0.0709000618357
9.26176845324 0.401038242693 0.0669667769666
9.57403393671 0.382298891008 0.0628607827415
9.88944934326 0.364964533216 0.0578125177721
10.2046886772 0.348824040731 0.0557632222494
10.519696513 0.33420815167 0.0518061194506
10.8345485491 0.319217912206 0.0484954365891
11.1485014061 0.305251912203 0.0443151950638
11.4631001354 0.292852291689 0.0420134070577
11.7757075418 0.280240510921 0.0397979421014
12.0895529191 0.268184423589 0.037242293628
12.4042826972 0.258206914033 0.0354319194916
12.7174612844 0.24747433683 0.0332954377904
13.0316712594 0.238459777738 0.0309006647491
13.3462868545 0.228525034656 0.0290813732985
13.6621167157 0.220188365568 0.0268781841742
13.9776484004 0.211917474423 0.0257641409227
14.2918314616 0.204309616734 0.0240562455524
14.604381357 0.196609367025 0.022692079039
14.9172492222 0.189903224862 0.0218479784531
15.231913197 0.183346327044 0.0202798677869
15.546395635 0.176737115228 0.0195206433741
15.8608408581 0.1708132979 0.0184123821732
16.1759378397 0.165158868032 0.0176614704297
16.4908410878 0.159316318063 0.0166749775114
16.8058821473 0.15415308916 0.0159131381557
17.1185018785 0.149263261901 0.0150891590596
17.4323909633 0.144634648399 0.0146963194902
17.7470580721 0.140052138111 0.0139580284835
18.0595846771 0.135686654402 0.0134183174547
18.3738354478 0.131471691265 0.0127682711613
18.6882389764 0.127449275466 0.0121465369691
19.0032701574 0.123481900812 0.0113157511207
19.3176993063 0.119681419577 0.0110564882336
19.6307009068 0.116344133528 0.010359163067
19.9463225016 0.11301787323 0.0100888981617
20.2603662229 0.10978844624 0.00942911647061
20.5745823879 0.106957679619 0.00936310169721
20.8890713606 0.103917855945 0.00908636280927
21.2020032436 0.101126514573 0.00844117547651
21.5171284514 0.0983286358607 0.00817016268088
21.8317928013 0.095846311224 0.00795895626056
22.1449809161 0.093247301208 0.00757163771632
22.4581720926 0.0906625700114 0.00731179764563
22.7720707313 0.0884772574175 0.00702726622446
23.0881723515 0.0861832178667 0.00673243578615
23.4032212101 0.0839935690387 0.0064517178989
23.7174262138 0.0819294211355 0.00616067370253
24.0317806841 0.0799909127201 0.00595145784337
24.3450962919 0.0779978594105 0.00580565589274
24.658485498 0.0760733391137 0.005551487475
24.9725337357 0.0743201981412 0.00533390904748
25.2857952567 0.0725013659472 0.00524102155418
25.5996199813 0.0709382063741 0.00507039425621
25.9156304888 0.0692547499581 0.0049208626281
26.2304481901 0.0675858937428 0.00475816331514
26.5437865424 0.0663189435154 0.0046998543289
26.8578676397 0.0648202926994 0.0044675885689
27.1728978189 0.0633764629092 0.00430550058738
27.487153262 0.062101624662 0.00422071130216
27.7996871375 0.0607821261455 0.00404404797482
28.114273383 0.0595082840974 0.00392683986257
28.4300576861 0.0582355221931 0.00378729967154
28.7440229471 0.0570444732128 0.00367691920963
29.0577510517 0.0559141078797 0.00363230681391
29.3719724833 0.0548555083733 0.00359193064134
29.6858811015 0.0538668264946 0.00352414700608
29.999859774 0.0528155392601 0.00341127487693
30.3133955756 0.0517663224673 0.003239649625
30.6273478822 0.0508094068563 0.00316705752617
30.9423886652 0.0499129238766 0.00309310482634
31.2565528372 0.0490827779923 0.00304324434546
31.5701372519 0.048138246687 0.00294885377326
31.8850178137 0.0473923912034 0.0028606372802
32.1992889166 0.0465679528167 0.00279045705836
32.5134270858 0.0459045698411 0.00274379189074
32.8279305885 0.0451111616529 0.00269693446983
33.1418464118 0.0444743917921 0.00263678062307
33.4559272248 0.0438059041591 0.00255858024033
33.7703509929 0.0431712715695 0.00253657418473
34.084177573 0.0426077684708 0.00250910994844
34.3979626693 0.04200480766 0.00250228342082
34.7117215852 0.041471323532 0.00246786079538
35.0258770122 0.0409787165605 0.00244841893646
35.340624783 0.0404583402704 0.00240016799826
35.6550950484 0.0400103290136 0.00233987596686
35.9695912559 0.0396240614147 0.00231576079274
36.284169038 0.0392620088434 0.00232447101861
36.5982634135 0.0388718121445 0.00228325134154
36.9125399524 0.0385556363838 0.00225368077491
37.2263292106 0.0382913544648 0.00225298242239
37.5393555097 0.0380003284323 0.0022418214407
37.8537923266 0.0377442547033 0.00219256725496
38.168206168 0.0375489650914 0.00218501456449
38.4823147993 0.0374043775336 0.0021674681837
38.7969743259 0.0372656189273 0.00216564044439
39.1116457099 0.0372377603511 0.00218422382277
39.4265746826 0.0371862659792 0.00218334849634
39.7394828349 0.03717693036 0.00220213771523
40.052455483 0.0372289030312 0.00221073309736
40.3668083507 0.0370655606664 0.00218801041809
40.6811249752 0.0366706036462 0.00214573543507
40.995751754 0.0362770584332 0.00212982644767
41.3096594336 0.0357996875604 0.00209676221536
41.624374418 0.0355200368182 0.00209939956183
41.9396656192 0.035056015154 0.00207948959284
42.2529434268 0.0347617612621 0.00207797741918
42.5661527361 0.0343973145577 0.00202917643992
42.8806987697 0.034145951216 0.00204756924388
43.1950639894 0.0337836595961 0.00202253515835
43.5088587302 0.033468126426 0.00197256359806
43.8227880285 0.0331890883133 0.00194835100573
44.1372890265 0.0329053002127 0.00192447518648
44.451399677 0.0326607829653 0.00189997600567
44.7649485745 0.032396438777 0.00188061224072
45.0793572246 0.0321805118275 0.00183909154726
45.3936892085 0.0319476416184 0.00183421239195
45.7080847666 0.0317497776053 0.00184517059178
46.0225118567 0.0315647965803 0.00179895465405
46.3367793808 0.0313807162386 0.00180785330194
46.651499725 0.0312668089838 0.00182856851453
46.9656149642 0.031098350723 0.0018062619067
47.2790506902 0.0309543988754 0.00178134729426
47.5928826211 0.0308546004679 0.00180085594618
47.9065814921 0.0307351565414 0.00179442314609
48.2213066273 0.0307008076219 0.00180408797107
48.5362031881 0.0305912181931 0.00178297955876
48.8497085553 0.0305677699489 0.0017813255209
49.1635698613 0.030520241994 0.00178991217948
49.4773066746 0.0304332597182 0.00179124696646
49.791506161 0.0304804063623 0.00178501675231
50.1063348448 0.030550884893 0.00179237680093
50.4196183885 0.030562199894 0.00183154973154
50.7337668134 0.030611428434 0.00187708348599
51.0489601979 0.0306856870241 0.00185793437036
51.3622326387 0.0307458083037 0.00185114064064
51.6764924337 0.0309129893292 0.00189317680812
51.992161581 0.0309706798717 0.00193900477358
52.3060124529 0.0311297857724 0.00193539792194
52.6186881089 0.0313358193217 0.00200734920485
52.9321075184 0.0314068848625 0.00195923463833
53.2474273112 0.0317902712675 0.0020346343487
53.5615272056 0.0318515676767 0.00200857150271
53.8747816762 0.0321332214399 0.00206652312886
54.1894184427 0.0322827072791 0.00207175217204
54.5046873064 0.0324747933153 0.00208829422811
54.8179104842 0.0328830391878 0.00214623586473
55.1316220819 0.0328341419575 0.00213914645759
55.4459442057 0.0331892286354 0.00221017615193
55.7594583573 0.0332042092409 0.00220259703307
56.0726546241 0.0333797851294 0.00224404964232
56.3866649517 0.033105706889 0.00224200443452
56.7012209102 0.0329230750652 0.00228036709677
57.0157733637 0.0328262329831 0.00225163454449
57.3293258038 0.0325384362866 0.00222366951037
57.6429412487 0.032389386927 0.00229056468401
57.9576287751 0.0325075370119 0.00231362854722
58.2715760175 0.0325139767991 0.00231542021822
58.5843505741 0.0326477337587 0.00237822833202
58.9000125018 0.03265910177 0.00230225547411
59.2166783662 0.0328835741443 0.00227987290295
59.5294659069 0.0330522086146 0.00234469972917
59.8411982857 0.0331406207479 0.00239895623392
60.1585838779 0.0334643009841 0.00244378636831
60.4748544316 0.0339174979223 0.00261728840871
60.7837371996 0.034271286136 0.00264367243943
61.0991495208 0.0345478048501 0.00271024694745
61.4189066461 0.0350342905982 0.0028282554169
61.731083087 0.0355408595576 0.00302025933203
62.0384137901 0.0360242873242 0.0030418816247
62.3539507357 0.0364818455547 0.00325772742424
62.6740924081 0.0373977615659 0.00329884012648
62.9862305661 0.0382191575045 0.00346359368753
63.2973914275 0.0389050920775 0.00361491308942
63.615431447 0.0395202354027 0.00383395420905
63.9316158295 0.0407832450336 0.00407285866551
64.236910978 0.0416037111576 0.00420527037109
64.5493147325 0.0424966693056 0.00432087390821
64.8775837328 0.0436249158479 0.00482428455746
65.194876059 0.0452149288328 0.00493030135692
65.4835084149 0.046451002515 0.00491837867563
65.7941573876 0.0478971595417 0.00555389539515
66.135288993 0.049473028245 0.00587801325623
66.4610321881 0.0518465301532 0.00659604089944
66.7314167631 0.0538048598673 0.00741307509555
67.0401563778 0.0553939301361 0.00728527622286
67.3951965419 0.0588943340574 0.00718020644792
67.7398461626 0.0612014937764 0.00853175914889
67.9965280161 0.0631942557423 0.0109432840765
68.285075811 0.0664144420579 0.0106672785509
68.6405186792 0.0680004301585 0.0115299616891
68.9927680867 0.0731265902303 0.0174678095426
69.2880853372 0.0802517674637 0.035535373412
69.5142158157 0.0804366954338 0.0471061507218
