0.444982061235 47.3496613335 0.903256164245
0.753956108253 16.240284791 0.911283051687
1.07239509323 8.62407134158 0.676281034726
1.39183038824 5.49679363012 0.438147521833
1.7175498929 3.90665300805 0.362460329847
2.02394338071 3.03037594599 0.280583232314
2.33835834179 2.43654651446 0.217700405103
2.65411255088 2.04396768231 0.218306962154
2.97268122047 1.74582238458 0.193833304122
3.28811240729 1.52466745701 0.168124612243
3.59831645335 1.35433293584 0.150718608697
3.91393045784 1.21960512487 0.144086354771
4.23519947292 1.1047039249 0.130325288336
4.54842731026 1.0146990684 0.120256361901
4.86039488842 0.932798648613 0.111886491072
5.1738151948 0.864801450503 0.0990971014577
5.48788222127 0.805510175565 0.0915021795785
5.8027154239 0.748155402264 0.0816098548237
6.11834833269 0.703464271185 0.0761892630981
6.43408631545 0.662749193283 0.0697723446309
6.74750400832 0.623963869723 0.0620073660133
7.05974779421 0.588759067138 0.057057721794
7.37566787874 0.55658087809 0.0510508431682
7.68932537126 0.526643599954 0.0462310489696
8.00328772026 0.499507592815 0.0432703910293
8.31995584344 0.472362404337 0.0392948267818
8.63597822888 0.450653771484 0.0359232858667
8.94882606689 0.428211254958 0.0335611329165
9.26176845324 0.406591895607 0.0289471550942
9.57403393671 0.388590228555 0.0274823560677
9.88944934326 0.370222227708 0.0241296519421
10.2046886772 0.354000203837 0.0225519555431
10.519696513 0.337651752069 0.0210109959242
10.8345485491 0.322139850711 0.0194097544064
11.1485014061 0.308290701661 0.0175988673002
11.4631001354 0.294839748884 0.0155296200877
11.7757075418 0.282693153307 0.0146408437064
12.0895529191 0.270819073684 0.0133171205584
12.4042826972 0.26044942348 0.0119995510032
12.7174612844 0.250213612962 0.0117057341831
13.0316712594 0.239802128718 0.010720298286
13.3462868545 0.231030233395 0.0105859739904
13.6621167157 0.222114345573 0.00961749351201
13.9776484004 0.213715742952 0.00955893744355
14.2918314616 0.205343373911 0.00885758289047
14.604381357 0.198212980194 0.00792812548749
14.9172492222 0.191149901821 0.00770915551113
15.231913197 0.184292149064 0.0072345298741
15.546395635 0.178123786754 0.00681503534404
15.8608408581 0.17158202231 0.00655153946037
16.1759378397 0.165863975411 0.00640118287948
16.4908410878 0.16043502013 0.00577396317212
16.8058821473 0.155148151454 0.00575683938818
17.1185018785 0.150121653111 0.00542196167714
17.4323909633 0.145121548516 0.00557583771474
17.7470580721 0.140383949364 0.00514289235906
18.0595846771 0.13597424915 0.00511094301734
18.3738354478 0.131936694056 0.00466242720468
18.6882389764 0.12790963392 0.00466325136797
19.0032701574 0.123814768016 0.00411205996897
19.3176993063 0.120040610492 0.00404510747778
19.6307009068 0.116631465582 0.00378657018048
19.9463225016 0.113301743957 0.00397769881486
20.2603662229 0.11010621265 0.00363333064152
20.5745823879 0.106934886885 0.00354178113546
20.8890713606 0.103896018905 0.00339305497334
21.2020032436 0.101170752981 0.00339272848445
21.5171284514 0.0983620032576 0.00312867882091
21.8317928013 0.0956942465493 0.00298514781122
22.1449809161 0.0931257155168 0.00288565205744
22.4581720926 0.0907140683404 0.00281355826448
22.7720707313 0.0883683895413 0.00260008471706
23.0881723515 0.0861011539465 0.00252341602998
23.4032212101 0.0839081060039 0.00234977917525
23.7174262138 0.0818831321831 0.00230395814774
24.0317806841 0.0797590832567 0.00225879620271
24.3450962919 0.0778383708556 0.00225253756422
24.658485498 0.0759928548433 0.00203592206455
24.9725337357 0.074301741527 0.0020451225925
25.2857952567 0.0725855065922 0.00193584491619
25.5996199813 0.0708797229959 0.00192634609471
25.9156304888 0.0692384916354 0.001866881291
26.2304481901 0.067704258721 0.00178177022965
26.5437865424 0.0661511760656 0.0017777692973
26.8578676397 0.0647091919089 0.00171793707766
27.1728978189 0.0633372802487 0.00166773707076
27.487153262 0.0619471199445 0.0015612844681
27.7996871375 0.0606739751736 0.00150633438531
28.114273383 0.0593982428178 0.00145466219358
28.4300576861 0.058110428822 0.00143752991086
28.7440229471 0.0569244614541 0.00142772667971
29.0577510517 0.0557651751455 0.00140625478338
29.3719724833 0.0546925539727 0.0013446477544
29.6858811015 0.0536396171047 0.00131634496337
29.999859774 0.05260875656 0.00125648364935
30.3133955756 0.0515848209263 0.00126577786893
30.6273478822 0.0506040703759 0.00121927678539
30.9423886652 0.0497060427286 0.00121353030212
31.2565528372 0.0488832941506 0.00115720186623
31.5701372519 0.0480108433176 0.00117934684337
31.8850178137 0.0471756065098 0.00116369203974
32.1992889166 0.0464201035041 0.00113379253315
32.5134270858 0.0456528709992 0.00111250814469
32.8279305885 0.0449425626158 0.0010709728047
33.1418464118 0.0442396103761 0.00104555678346
33.4559272248 0.0435769988502 0.00102072494817
33.7703509929 0.042942940763 0.00101738240071
34.084177573 0.0423583111165 0.00100420690061
34.3979626693 0.0417668813021 0.000994499306173
34.7117215852 0.0412348213784 0.000964125471416
35.0258770122 0.0407378197383 0.00099112893735
35.340624783 0.0402954221372 0.000990417588667
35.6550950484 0.0398100457361 0.000988518236617
35.9695912559 0.0393888948964 0.000990976860884
36.284169038 0.0390104730375 0.000969809329208
36.5982634135 0.0386091892987 0.000960405394347
36.9125399524 0.0383161552786 0.000940831909812
37.2263292106 0.0380240087728 0.000992440803823
37.5393555097 0.0377828634792 0.000974415720078
37.8537923266 0.0375271794822 0.000954153877113
38.168206168 0.0373464117159 0.00097986044348
38.4823147993 0.0372167262274 0.000999164636767
38.7969743259 0.0370411665823 0.00100836877011
39.1116457099 0.0369931132337 0.000999419227411
39.4265746826 0.0369155952625 0.00100135540934
39.7394828349 0.0369428590388 0.00102145966361
40.052455483 0.0369774761377 0.00104416403114
40.3668083507 0.0367844920268 0.0010246890861
40.6811249752 0.0363844750088 0.000988749024533
40.995751754 0.0360175331522 0.000976375786355
41.3096594336 0.0355459336985 0.000979013275375
41.624374418 0.0352646465952 0.000975318562874
41.9396656192 0.0348493519179 0.000983644474985
42.2529434268 0.034542846161 0.000966643799867
42.5661527361 0.0341399976938 0.000962167933209
42.8806987697 0.033851250501 0.00094590974036
43.1950639894 0.0335064803854 0.000962975884899
43.5088587302 0.033200570698 0.00095583040388
43.8227880285 0.0329584149708 0.000944044953219
44.1372890265 0.0326891499308 0.000931624517287
44.451399677 0.0324497484768 0.000916103315309
44.7649485745 0.0321724848713 0.000949910814339
45.0793572246 0.0319501818278 0.000940814980375
45.3936892085 0.0317777037083 0.000924272175157
45.7080847666 0.0315112331599 0.000947420659522
46.0225118567 0.0313283586699 0.000944470061493
46.3367793808 0.0311799163874 0.000961787924683
46.651499725 0.0310074324969 0.00096872361956
46.9656149642 0.0308515422221 0.00097293890301
47.2790506902 0.0307465725829 0.000956438704429
47.5928826211 0.0306251822688 0.000957441035465
47.9065814921 0.0305274010818 0.000992791155132
48.2213066273 0.0304348293512 0.00097918873927
48.5362031881 0.0303266989485 0.00100467132665
48.8497085553 0.0302858115263 0.00103216036118
49.1635698613 0.0302413249847 0.00103470374784
49.4773066746 0.0301808180511 0.00104037386498
49.791506161 0.0301915094154 0.00106194120712
50.1063348448 0.0302322467955 0.00104537061055
50.4196183885 0.0302662519334 0.00105598536
50.7337668134 0.0302658424028 0.00106212486767
51.0489601979 0.0303592260554 0.00112061218776
51.3622326387 0.0304341639842 0.00113416170947
51.6764924337 0.0305687189144 0.0011611112121
51.992161581 0.0306816644337 0.00117385792846
52.3060124529 0.0307897942218 0.00118716033852
52.6186881089 0.0310201995988 0.00120571182993
52.9321075184 0.0310735977199 0.00122236933339
53.2474273112 0.0313833068649 0.00123581656939
53.5615272056 0.0315601051558 0.00125397733229
53.8747816762 0.0318038474156 0.00131745950054
54.1894184427 0.0319604309169 0.00132218941013
54.5046873064 0.0321376703688 0.00136730246737
54.8179104842 0.0325346932919 0.00140638653277
55.1316220819 0.032510468758 0.00142507662143
55.4459442057 0.0329167722376 0.00145404584038
55.7594583573 0.0329354953725 0.00146609887717
56.0726546241 0.0331148758566 0.00143499528845
56.3866649517 0.0329043491097 0.00140581068435
56.7012209102 0.0326956060074 0.00141012493083
57.0157733637 0.0325692400855 0.00143256339386
57.3293258038 0.0323308301106 0.0014507801298
57.6429412487 0.0321826854198 0.00154553244071
57.9576287751 0.0322052098898 0.00148185019891
58.2715760175 0.0322800408377 0.00155920793988
58.5843505741 0.0323851864009 0.00156885059169
58.9000125018 0.0324342899131 0.00167072880873
59.2166783662 0.0326980185904 0.00165837841776
59.5294659069 0.0329780314657 0.00169893577028
59.8411982857 0.0330700234584 0.0016861155618
60.1585838779 0.0332413145339 0.00178997099684
60.4748544316 0.0337026801662 0.00184351658721
60.7837371996 0.0340474530601 0.00188383542338
61.0991495208 0.034308949298 0.00204073758999
61.4189066461 0.0347510727261 0.00213431059982
61.731083087 0.0351685935171 0.00219788099065
62.0384137901 0.0357583789841 0.00229298214988
62.3539507357 0.0361705740332 0.00242311646538
62.6740924081 0.0369052403463 0.00249558172821
62.9862305661 0.0377087592384 0.00258797435228
63.2973914275 0.0383430600406 0.00280942618428
63.615431447 0.0390132005847 0.00286986584215
63.9316158295 0.0398574063482 0.00291238440094
64.236910978 0.0410737761001 0.00306137255507
64.5493147325 0.0419523499887 0.00327523284417
64.8775837328 0.0428829898435 0.00340020578006
65.194876059 0.0444149957173 0.00383506921031
65.4835084149 0.0456870395937 0.00387940183332
65.7941573876 0.0471537339303 0.00434250419102
66.135288993 0.0488324580267 0.00444698995724
66.4610321881 0.0509172604207 0.00457006807155
66.7314167631 0.0530221443661 0.00474487656959
67.0401563778 0.0544266702589 0.00524843091602
67.3951965419 0.0570327070948 0.00543343255579
67.7398461626 0.0599716665418 0.00553753988297
67.9965280161 0.0619866572514 0.00607052514757
68.285075811 0.0642870928994 0.00565395954747
68.6405186792 0.0676452556834 0.00760790327081
68.9927680867 0.0699863248839 0.00777001587206
69.2880853372 0.0701357800964 0.0187088885352
69.5142158157 0.0703025577833 0.027012024614
