0.444982061235 30.7281103876 0.380360743702
0.753956108253 10.0420491821 0.392825796185
1.07239509323 5.07880616143 0.308172631688
1.39183038824 3.08284800292 0.190851364904
1.7175498929 2.10122323504 0.134822030692
2.02394338071 1.56657136713 0.0906910801425
2.33835834179 1.2249902327 0.0738166320696
2.65411255088 0.99071861306 0.0718568077395
2.97268122047 0.822084269795 0.0548246119835
3.28811240729 0.704030691084 0.0496101824808
3.59831645335 0.612467848396 0.0465994175038
3.91393045784 0.540569139158 0.0437588224368
4.23519947292 0.482036003001 0.0387975007206
4.54842731026 0.436738637129 0.0373685149778
4.86039488842 0.396798434496 0.031822444247
5.1738151948 0.365399903548 0.0312386869788
5.48788222127 0.335600044169 0.0291928133821
5.8027154239 0.310580301675 0.027392137608
6.11834833269 0.290433106133 0.0260613669096
6.43408631545 0.272093870342 0.0238120110259
6.74750400832 0.255248917876 0.0219342954678
7.05974779421 0.240118742013 0.0207325040576
7.37566787874 0.226712298537 0.0196219040558
7.68932537126 0.214356647022 0.0181637518189
8.00328772026 0.203495575957 0.0169628175012
8.31995584344 0.193754631328 0.0159686617014
8.63597822888 0.184506988887 0.014657295598
8.94882606689 0.176720309405 0.0138814776443
9.26176845324 0.168449431497 0.0133356260618
9.57403393671 0.161060909233 0.0124270262915
9.88944934326 0.154203882648 0.0116237698131
10.2046886772 0.14787491567 0.0109287478061
10.519696513 0.142183036305 0.0100219148744
10.8345485491 0.136712588421 0.0095069869716
11.1485014061 0.131434365526 0.00923903351556
11.4631001354 0.126489434053 0.00857527286008
11.7757075418 0.122028587599 0.00806724700258
12.0895529191 0.117450276754 0.00773556879414
12.4042826972 0.1134899051 0.00713405404825
12.7174612844 0.109621605213 0.00690440891608
13.0316712594 0.105752424997 0.00633636852991
13.3462868545 0.102038754803 0.00592590795044
13.6621167157 0.0988575618638 0.00565089326461
13.9776484004 0.0953749692741 0.0052105769247
14.2918314616 0.0924598160943 0.0049862997488
14.604381357 0.0894504146335 0.00478393602866
14.9172492222 0.0865995179505 0.00459190513631
15.231913197 0.0841307316595 0.00430926941999
15.546395635 0.0814750145977 0.00415011964507
15.8608408581 0.0789391271521 0.00393943924427
16.1759378397 0.076522611317 0.00354985433121
16.4908410878 0.0743311429021 0.00344002035497
16.8058821473 0.07212986925 0.00325782138812
17.1185018785 0.0700860846227 0.00311715991456
17.4323909633 0.0680463010742 0.00307348967777
17.7470580721 0.0662005696375 0.0028934885657
18.0595846771 0.0643684578327 0.00268939086115
18.3738354478 0.0625485758081 0.00253664471983
18.6882389764 0.060888138603 0.00242101889886
19.0032701574 0.0592299365168 0.00232683674178
19.3176993063 0.0576839924918 0.00228036579981
19.6307009068 0.0561773270821 0.00209752236046
19.9463225016 0.0547377257983 0.00206335327669
20.2603662229 0.0533370696735 0.00199038901247
20.5745823879 0.0519307201386 0.00180066340633
20.8890713606 0.0507015900498 0.00185181585999
21.2020032436 0.0494473197268 0.00172159904494
21.5171284514 0.0481692479067 0.00163087703862
21.8317928013 0.047050399362 0.00161490410577
22.1449809161 0.0459476978277 0.00148550620059
22.4581720926 0.044873078811 0.0014859317401
22.7720707313 0.0438335346297 0.00136636221951
23.0881723515 0.0427752029208 0.00133794330265
23.4032212101 0.0417686460007 0.0012928265243
23.7174262138 0.040874619952 0.00119134428295
24.0317806841 0.0399445283719 0.00115678672409
24.3450962919 0.039030696639 0.00111354557002
24.658485498 0.0381530676005 0.00108322714111
24.9725337357 0.0373319366968 0.00102447387016
25.2857952567 0.0365475898328 0.00098154010676
25.5996199813 0.0357965893267 0.000961614265369
25.9156304888 0.0350687624164 0.000924306138912
26.2304481901 0.0343312148811 0.000872109658362
26.5437865424 0.0336284594052 0.000864027395086
26.8578676397 0.032909789431 0.000851794630666
27.1728978189 0.032241970887 0.000840018242863
27.487153262 0.0316220954 0.000795914686428
27.7996871375 0.0309987385799 0.000768371826839
28.114273383 0.0303933278039 0.00075631310867
28.4300576861 0.0298348134936 0.000709571484758
28.7440229471 0.0292960586932 0.000682663639375
29.0577510517 0.0287279619411 0.000669955449262
29.3719724833 0.0282040250658 0.000658978681503
29.6858811015 0.0276945573532 0.000630161345838
29.999859774 0.0272013274527 0.000626067156586
30.3133955756 0.0267330324669 0.000618554099244
30.6273478822 0.0262763504034 0.000586809553904
30.9423886652 0.0258530558428 0.000572498773471
31.2565528372 0.0254221738716 0.000586251003178
31.5701372519 0.0250414985041 0.00057023678264
31.8850178137 0.0246332851212 0.000546549164096
32.1992889166 0.0242396696942 0.000546087291382
32.5134270858 0.0239116735401 0.000533394339052
32.8279305885 0.0235442087227 0.000522759847577
33.1418464118 0.0232234554478 0.000527112445759
33.4559272248 0.0228911433197 0.000507229575124
33.7703509929 0.0225876066284 0.000511281773712
34.084177573 0.0223181211427 0.000501550654663
34.3979626693 0.0220309587466 0.000483681646792
34.7117215852 0.0217891189321 0.000466650900982
35.0258770122 0.0215374294949 0.000470663196368
35.340624783 0.021299271084 0.00046727437962
35.6550950484 0.0210776744999 0.000471280202138
35.9695912559 0.0208765488615 0.000453998056482
36.284169038 0.0207024232033 0.000471853643874
36.5982634135 0.0205104074649 0.000461610463731
36.9125399524 0.020383640439 0.000459171949056
37.2263292106 0.0202343203158 0.000458605138078
37.5393555097 0.0201257367257 0.000444653509331
37.8537923266 0.020014317397 0.000442704956747
38.168206168 0.01994205461 0.000436353856492
38.4823147993 0.0198588611862 0.000441018324866
38.7969743259 0.0198318296978 0.000449984671558
39.1116457099 0.0198079010622 0.000443284544379
39.4265746826 0.0197876132695 0.000445303214817
39.7394828349 0.0198108421403 0.000443807902195
40.052455483 0.0198424154042 0.000459694489356
40.3668083507 0.0197529264338 0.000448229873409
40.6811249752 0.0195266511319 0.000436778614203
40.995751754 0.0193153540781 0.000438630263799
41.3096594336 0.0190775058029 0.000417379749663
41.624374418 0.0189133900531 0.000412319116145
41.9396656192 0.0186929225704 0.000401276061887
42.2529434268 0.0185248318634 0.00039952982173
42.5661527361 0.0183445635953 0.000387203653368
42.8806987697 0.0181952287187 0.00039327287857
43.1950639894 0.018035485382 0.000395700112962
43.5088587302 0.0178531883006 0.00038049516698
43.8227880285 0.0177410573585 0.000384323864304
44.1372890265 0.0175809747397 0.000380925432775
44.451399677 0.0174713831724 0.000382687501679
44.7649485745 0.0173194308747 0.000379377164187
45.0793572246 0.0172143032292 0.000376619759167
45.3936892085 0.0171222023713 0.000379986118595
45.7080847666 0.0170025967132 0.000372093528901
46.0225118567 0.0169009189461 0.000369900022859
46.3367793808 0.0168305287662 0.000378572695678
46.651499725 0.0167465735678 0.000372554075114
46.9656149642 0.0166704317351 0.000370830289281
47.2790506902 0.0166270680247 0.000371015180626
47.5928826211 0.0165761266897 0.000378333917025
47.9065814921 0.0165225433592 0.000378859426052
48.2213066273 0.0164867938912 0.000377631473113
48.5362031881 0.0164496820896 0.000388227814081
48.8497085553 0.0164413970806 0.00039745221262
49.1635698613 0.0164233919376 0.000399017139787
49.4773066746 0.016398264442 0.000410998350029
49.791506161 0.016422495592 0.000405477627622
50.1063348448 0.0164494159601 0.00042109406103
50.4196183885 0.0164540415832 0.0004080160806
50.7337668134 0.0164909691536 0.000421209655911
51.0489601979 0.0165605475936 0.000411146317939
51.3622326387 0.0166181460172 0.000439584568175
51.6764924337 0.0166934334672 0.00043730647214
51.992161581 0.0167590228844 0.000433930564718
52.3060124529 0.0168518929365 0.000435147116241
52.6186881089 0.0169699560426 0.000465772637546
52.9321075184 0.0169950778675 0.000471265462395
53.2474273112 0.0172008795905 0.000476253942658
53.5615272056 0.0172817113432 0.000466223091415
53.8747816762 0.0174496035838 0.000480491751899
54.1894184427 0.0175297086271 0.00048548864469
54.5046873064 0.0176394202438 0.000482295842914
54.8179104842 0.0178808493435 0.000505127406828
55.1316220819 0.0178725686374 0.000521102195333
55.4459442057 0.018090541484 0.00052892010966
55.7594583573 0.0180977362308 0.000525501837721
56.0726546241 0.018156104639 0.000549744043853
56.3866649517 0.0180845634156 0.000527504978851
56.7012209102 0.0179712395898 0.000534494836372
57.0157733637 0.0179262809011 0.000541008497295
57.3293258038 0.0178157957576 0.000564864353756
57.6429412487 0.0177527248397 0.000582410658434
57.9576287751 0.0177899737024 0.000591910801271
58.2715760175 0.0178509590429 0.0005909992577
58.5843505741 0.017940964164 0.000629921584883
58.9000125018 0.0179708281197 0.000605353622791
59.2166783662 0.0181080433336 0.000645313232284
59.5294659069 0.018286851986 0.000621749790334
59.8411982857 0.0183915691605 0.000669848078265
60.1585838779 0.0185046034646 0.000669831654784
60.4748544316 0.0187895328672 0.000702571863849
60.7837371996 0.0189468430381 0.000677420671876
61.0991495208 0.0191147958822 0.000740152633863
61.4189066461 0.019392482638 0.000734927126576
61.731083087 0.019648631389 0.000834268104154
62.0384137901 0.0200878109108 0.000847744666341
62.3539507357 0.0202442506379 0.000896906029669
62.6740924081 0.0206731898725 0.000938557959092
62.9862305661 0.0210732221444 0.000939723405685
63.2973914275 0.0215527399767 0.0010099597069
63.615431447 0.0219515971998 0.0010626741548
63.9316158295 0.0226100209419 0.00112134136903
64.236910978 0.0230736373192 0.00113141328553
64.5493147325 0.0235490036771 0.00121318927454
64.8775837328 0.0242609024183 0.00121882513555
65.194876059 0.0251045866196 0.00137046947929
65.4835084149 0.0259169401326 0.00163698389012
65.7941573876 0.0265711660463 0.00150914922625
66.135288993 0.027746507397 0.0016285256643
66.4610321881 0.0286362558887 0.00184980642381
66.7314167631 0.0298563867776 0.00180950097984
67.0401563778 0.0308752925085 0.00216324378647
67.3951965419 0.0322084532822 0.0023397247228
67.7398461626 0.034061188303 0.0029451903007
67.9965280161 0.0350802879898 0.00331219525916
68.285075811 0.0369119442595 0.00304427916457
68.6405186792 0.0390638431262 0.00430094504606
68.9927680867 0.0412902865522 0.0058960546893
69.2880853372 0.0427405183593 0.0119733185962
69.5142158157 0.04460749719 0.0175068237689
